   0.10000    1.00000  100.00000    0.70000    5.00000
   0.10000    2.00000  100.00000    0.70000    5.00000
   0.10000    3.00000  100.00000    0.70000    5.00000
   0.15000    1.00000  100.00000    0.70000    5.00000
   0.15000    2.00000  100.00000    0.70000    5.00000
   0.15000    3.00000  100.00000    0.70000    5.00000
   0.20000    1.00000  100.00000    0.70000    5.00000
   0.20000    2.00000  100.00000    0.70000    5.00000
   0.20000    3.00000  100.00000    0.70000    5.00000
   0.25000    1.00000  100.00000    0.70000    5.00000
   0.25000    2.00000  100.00000    0.70000    5.00000
   0.25000    3.00000  100.00000    0.70000    5.00000
   0.30000    1.00000  100.00000    0.70000    5.00000
   0.30000    2.00000  100.00000    0.70000    5.00000
   0.30000    3.00000  100.00000    0.70000    5.00000
   0.35000    1.00000  100.00000    0.70000    5.00000
   0.35000    2.00000  100.00000    0.70000    5.00000
   0.35000    3.00000  100.00000    0.70000    5.00000
   0.40000    1.00000  100.00000    0.70000    5.00000
   0.40000    2.00000  100.00000    0.70000    5.00000
   0.40000    3.00000  100.00000    0.70000    5.00000
   0.45000    1.00000  100.00000    0.70000    5.00000
   0.45000    2.00000  100.00000    0.70000    5.00000
   0.45000    3.00000  100.00000    0.70000    5.00000
   0.50000    1.00000  100.00000    0.70000    5.00000
   0.50000    2.00000  100.00000    0.70000    5.00000
   0.50000    3.00000  100.00000    0.70000    5.00000
   0.55000    1.00000  100.00000    0.70000    5.00000
   0.55000    2.00000  100.00000    0.70000    5.00000
   0.55000    3.00000  100.00000    0.70000    5.00000
   0.60000    1.00000  100.00000    0.70000    5.00000
   0.60000    2.00000  100.00000    0.70000    5.00000
   0.60000    3.00000  100.00000    0.70000    5.00000
