   0.70000    0.10000   50.00000   10.00000
   0.70000    0.10000   50.00000   15.00000
   0.70000    0.10000   50.00000   20.00000
   0.70000    0.10000  100.00000   10.00000
   0.70000    0.10000  100.00000   15.00000
   0.70000    0.10000  100.00000   20.00000
   0.70000    0.10000  200.00000   10.00000
   0.70000    0.10000  200.00000   15.00000
   0.70000    0.10000  200.00000   20.00000
   0.70000    0.15000   50.00000   10.00000
   0.70000    0.15000   50.00000   15.00000
   0.70000    0.15000   50.00000   20.00000
   0.70000    0.15000  100.00000   10.00000
   0.70000    0.15000  100.00000   15.00000
   0.70000    0.15000  100.00000   20.00000
   0.70000    0.15000  200.00000   10.00000
   0.70000    0.15000  200.00000   15.00000
   0.70000    0.15000  200.00000   20.00000
   0.70000    0.20000   50.00000   10.00000
   0.70000    0.20000   50.00000   15.00000
   0.70000    0.20000   50.00000   20.00000
   0.70000    0.20000  100.00000   10.00000
   0.70000    0.20000  100.00000   15.00000
   0.70000    0.20000  100.00000   20.00000
   0.70000    0.20000  200.00000   10.00000
   0.70000    0.20000  200.00000   15.00000
   0.70000    0.20000  200.00000   20.00000
   0.70000    0.25000   50.00000   10.00000
   0.70000    0.25000   50.00000   15.00000
   0.70000    0.25000   50.00000   20.00000
   0.70000    0.25000  100.00000   10.00000
   0.70000    0.25000  100.00000   15.00000
   0.70000    0.25000  100.00000   20.00000
   0.70000    0.25000  200.00000   10.00000
   0.70000    0.25000  200.00000   15.00000
   0.70000    0.25000  200.00000   20.00000
   0.70000    0.30000   50.00000   10.00000
   0.70000    0.30000   50.00000   15.00000
   0.70000    0.30000   50.00000   20.00000
   0.70000    0.30000  100.00000   10.00000
   0.70000    0.30000  100.00000   15.00000
   0.70000    0.30000  100.00000   20.00000
   0.70000    0.30000  200.00000   10.00000
   0.70000    0.30000  200.00000   15.00000
   0.70000    0.30000  200.00000   20.00000
   0.70000    0.35000   50.00000   10.00000
   0.70000    0.35000   50.00000   15.00000
   0.70000    0.35000   50.00000   20.00000
   0.70000    0.35000  100.00000   10.00000
   0.70000    0.35000  100.00000   15.00000
   0.70000    0.35000  100.00000   20.00000
   0.70000    0.35000  200.00000   10.00000
   0.70000    0.35000  200.00000   15.00000
   0.70000    0.35000  200.00000   20.00000
   0.70000    0.40000   50.00000   10.00000
   0.70000    0.40000   50.00000   15.00000
   0.70000    0.40000   50.00000   20.00000
   0.70000    0.40000  100.00000   10.00000
   0.70000    0.40000  100.00000   15.00000
   0.70000    0.40000  100.00000   20.00000
   0.70000    0.40000  200.00000   10.00000
   0.70000    0.40000  200.00000   15.00000
   0.70000    0.40000  200.00000   20.00000
   0.70000    0.45000   50.00000   10.00000
   0.70000    0.45000   50.00000   15.00000
   0.70000    0.45000   50.00000   20.00000
   0.70000    0.45000  100.00000   10.00000
   0.70000    0.45000  100.00000   15.00000
   0.70000    0.45000  100.00000   20.00000
   0.70000    0.45000  200.00000   10.00000
   0.70000    0.45000  200.00000   15.00000
   0.70000    0.45000  200.00000   20.00000
   0.70000    0.50000   50.00000   10.00000
   0.70000    0.50000   50.00000   15.00000
   0.70000    0.50000   50.00000   20.00000
   0.70000    0.50000  100.00000   10.00000
   0.70000    0.50000  100.00000   15.00000
   0.70000    0.50000  100.00000   20.00000
   0.70000    0.50000  200.00000   10.00000
   0.70000    0.50000  200.00000   15.00000
   0.70000    0.50000  200.00000   20.00000
   0.70000    0.55000   50.00000   10.00000
   0.70000    0.55000   50.00000   15.00000
   0.70000    0.55000   50.00000   20.00000
   0.70000    0.55000  100.00000   10.00000
   0.70000    0.55000  100.00000   15.00000
   0.70000    0.55000  100.00000   20.00000
   0.70000    0.55000  200.00000   10.00000
   0.70000    0.55000  200.00000   15.00000
   0.70000    0.55000  200.00000   20.00000
   0.70000    0.60000   50.00000   10.00000
   0.70000    0.60000   50.00000   15.00000
   0.70000    0.60000   50.00000   20.00000
   0.70000    0.60000  100.00000   10.00000
   0.70000    0.60000  100.00000   15.00000
   0.70000    0.60000  100.00000   20.00000
   0.70000    0.60000  200.00000   10.00000
   0.70000    0.60000  200.00000   15.00000
   0.70000    0.60000  200.00000   20.00000
   0.80000    0.10000   50.00000   10.00000
   0.80000    0.10000   50.00000   15.00000
   0.80000    0.10000   50.00000   20.00000
   0.80000    0.10000  100.00000   10.00000
   0.80000    0.10000  100.00000   15.00000
   0.80000    0.10000  100.00000   20.00000
   0.80000    0.10000  200.00000   10.00000
   0.80000    0.10000  200.00000   15.00000
   0.80000    0.10000  200.00000   20.00000
   0.80000    0.15000   50.00000   10.00000
   0.80000    0.15000   50.00000   15.00000
   0.80000    0.15000   50.00000   20.00000
   0.80000    0.15000  100.00000   10.00000
   0.80000    0.15000  100.00000   15.00000
   0.80000    0.15000  100.00000   20.00000
   0.80000    0.15000  200.00000   10.00000
   0.80000    0.15000  200.00000   15.00000
   0.80000    0.15000  200.00000   20.00000
   0.80000    0.20000   50.00000   10.00000
   0.80000    0.20000   50.00000   15.00000
   0.80000    0.20000   50.00000   20.00000
   0.80000    0.20000  100.00000   10.00000
   0.80000    0.20000  100.00000   15.00000
   0.80000    0.20000  100.00000   20.00000
   0.80000    0.20000  200.00000   10.00000
   0.80000    0.20000  200.00000   15.00000
   0.80000    0.20000  200.00000   20.00000
   0.80000    0.25000   50.00000   10.00000
   0.80000    0.25000   50.00000   15.00000
   0.80000    0.25000   50.00000   20.00000
   0.80000    0.25000  100.00000   10.00000
   0.80000    0.25000  100.00000   15.00000
   0.80000    0.25000  100.00000   20.00000
   0.80000    0.25000  200.00000   10.00000
   0.80000    0.25000  200.00000   15.00000
   0.80000    0.25000  200.00000   20.00000
   0.80000    0.30000   50.00000   10.00000
   0.80000    0.30000   50.00000   15.00000
   0.80000    0.30000   50.00000   20.00000
   0.80000    0.30000  100.00000   10.00000
   0.80000    0.30000  100.00000   15.00000
   0.80000    0.30000  100.00000   20.00000
   0.80000    0.30000  200.00000   10.00000
   0.80000    0.30000  200.00000   15.00000
   0.80000    0.30000  200.00000   20.00000
   0.80000    0.35000   50.00000   10.00000
   0.80000    0.35000   50.00000   15.00000
   0.80000    0.35000   50.00000   20.00000
   0.80000    0.35000  100.00000   10.00000
   0.80000    0.35000  100.00000   15.00000
   0.80000    0.35000  100.00000   20.00000
   0.80000    0.35000  200.00000   10.00000
   0.80000    0.35000  200.00000   15.00000
   0.80000    0.35000  200.00000   20.00000
   0.80000    0.40000   50.00000   10.00000
   0.80000    0.40000   50.00000   15.00000
   0.80000    0.40000   50.00000   20.00000
   0.80000    0.40000  100.00000   10.00000
   0.80000    0.40000  100.00000   15.00000
   0.80000    0.40000  100.00000   20.00000
   0.80000    0.40000  200.00000   10.00000
   0.80000    0.40000  200.00000   15.00000
   0.80000    0.40000  200.00000   20.00000
   0.80000    0.45000   50.00000   10.00000
   0.80000    0.45000   50.00000   15.00000
   0.80000    0.45000   50.00000   20.00000
   0.80000    0.45000  100.00000   10.00000
   0.80000    0.45000  100.00000   15.00000
   0.80000    0.45000  100.00000   20.00000
   0.80000    0.45000  200.00000   10.00000
   0.80000    0.45000  200.00000   15.00000
   0.80000    0.45000  200.00000   20.00000
   0.80000    0.50000   50.00000   10.00000
   0.80000    0.50000   50.00000   15.00000
   0.80000    0.50000   50.00000   20.00000
   0.80000    0.50000  100.00000   10.00000
   0.80000    0.50000  100.00000   15.00000
   0.80000    0.50000  100.00000   20.00000
   0.80000    0.50000  200.00000   10.00000
   0.80000    0.50000  200.00000   15.00000
   0.80000    0.50000  200.00000   20.00000
   0.80000    0.55000   50.00000   10.00000
   0.80000    0.55000   50.00000   15.00000
   0.80000    0.55000   50.00000   20.00000
   0.80000    0.55000  100.00000   10.00000
   0.80000    0.55000  100.00000   15.00000
   0.80000    0.55000  100.00000   20.00000
   0.80000    0.55000  200.00000   10.00000
   0.80000    0.55000  200.00000   15.00000
   0.80000    0.55000  200.00000   20.00000
   0.80000    0.60000   50.00000   10.00000
   0.80000    0.60000   50.00000   15.00000
   0.80000    0.60000   50.00000   20.00000
   0.80000    0.60000  100.00000   10.00000
   0.80000    0.60000  100.00000   15.00000
   0.80000    0.60000  100.00000   20.00000
   0.80000    0.60000  200.00000   10.00000
   0.80000    0.60000  200.00000   15.00000
   0.80000    0.60000  200.00000   20.00000
   0.90000    0.10000   50.00000   10.00000
   0.90000    0.10000   50.00000   15.00000
   0.90000    0.10000   50.00000   20.00000
   0.90000    0.10000  100.00000   10.00000
   0.90000    0.10000  100.00000   15.00000
   0.90000    0.10000  100.00000   20.00000
   0.90000    0.10000  200.00000   10.00000
   0.90000    0.10000  200.00000   15.00000
   0.90000    0.10000  200.00000   20.00000
   0.90000    0.15000   50.00000   10.00000
   0.90000    0.15000   50.00000   15.00000
   0.90000    0.15000   50.00000   20.00000
   0.90000    0.15000  100.00000   10.00000
   0.90000    0.15000  100.00000   15.00000
   0.90000    0.15000  100.00000   20.00000
   0.90000    0.15000  200.00000   10.00000
   0.90000    0.15000  200.00000   15.00000
   0.90000    0.15000  200.00000   20.00000
   0.90000    0.20000   50.00000   10.00000
   0.90000    0.20000   50.00000   15.00000
   0.90000    0.20000   50.00000   20.00000
   0.90000    0.20000  100.00000   10.00000
   0.90000    0.20000  100.00000   15.00000
   0.90000    0.20000  100.00000   20.00000
   0.90000    0.20000  200.00000   10.00000
   0.90000    0.20000  200.00000   15.00000
   0.90000    0.20000  200.00000   20.00000
   0.90000    0.25000   50.00000   10.00000
   0.90000    0.25000   50.00000   15.00000
   0.90000    0.25000   50.00000   20.00000
   0.90000    0.25000  100.00000   10.00000
   0.90000    0.25000  100.00000   15.00000
   0.90000    0.25000  100.00000   20.00000
   0.90000    0.25000  200.00000   10.00000
   0.90000    0.25000  200.00000   15.00000
   0.90000    0.25000  200.00000   20.00000
   0.90000    0.30000   50.00000   10.00000
   0.90000    0.30000   50.00000   15.00000
   0.90000    0.30000   50.00000   20.00000
   0.90000    0.30000  100.00000   10.00000
   0.90000    0.30000  100.00000   15.00000
   0.90000    0.30000  100.00000   20.00000
   0.90000    0.30000  200.00000   10.00000
   0.90000    0.30000  200.00000   15.00000
   0.90000    0.30000  200.00000   20.00000
   0.90000    0.35000   50.00000   10.00000
   0.90000    0.35000   50.00000   15.00000
   0.90000    0.35000   50.00000   20.00000
   0.90000    0.35000  100.00000   10.00000
   0.90000    0.35000  100.00000   15.00000
   0.90000    0.35000  100.00000   20.00000
   0.90000    0.35000  200.00000   10.00000
   0.90000    0.35000  200.00000   15.00000
   0.90000    0.35000  200.00000   20.00000
   0.90000    0.40000   50.00000   10.00000
   0.90000    0.40000   50.00000   15.00000
   0.90000    0.40000   50.00000   20.00000
   0.90000    0.40000  100.00000   10.00000
   0.90000    0.40000  100.00000   15.00000
   0.90000    0.40000  100.00000   20.00000
   0.90000    0.40000  200.00000   10.00000
   0.90000    0.40000  200.00000   15.00000
   0.90000    0.40000  200.00000   20.00000
   0.90000    0.45000   50.00000   10.00000
   0.90000    0.45000   50.00000   15.00000
   0.90000    0.45000   50.00000   20.00000
   0.90000    0.45000  100.00000   10.00000
   0.90000    0.45000  100.00000   15.00000
   0.90000    0.45000  100.00000   20.00000
   0.90000    0.45000  200.00000   10.00000
   0.90000    0.45000  200.00000   15.00000
   0.90000    0.45000  200.00000   20.00000
   0.90000    0.50000   50.00000   10.00000
   0.90000    0.50000   50.00000   15.00000
   0.90000    0.50000   50.00000   20.00000
   0.90000    0.50000  100.00000   10.00000
   0.90000    0.50000  100.00000   15.00000
   0.90000    0.50000  100.00000   20.00000
   0.90000    0.50000  200.00000   10.00000
   0.90000    0.50000  200.00000   15.00000
   0.90000    0.50000  200.00000   20.00000
   0.90000    0.55000   50.00000   10.00000
   0.90000    0.55000   50.00000   15.00000
   0.90000    0.55000   50.00000   20.00000
   0.90000    0.55000  100.00000   10.00000
   0.90000    0.55000  100.00000   15.00000
   0.90000    0.55000  100.00000   20.00000
   0.90000    0.55000  200.00000   10.00000
   0.90000    0.55000  200.00000   15.00000
   0.90000    0.55000  200.00000   20.00000
   0.90000    0.60000   50.00000   10.00000
   0.90000    0.60000   50.00000   15.00000
   0.90000    0.60000   50.00000   20.00000
   0.90000    0.60000  100.00000   10.00000
   0.90000    0.60000  100.00000   15.00000
   0.90000    0.60000  100.00000   20.00000
   0.90000    0.60000  200.00000   10.00000
   0.90000    0.60000  200.00000   15.00000
   0.90000    0.60000  200.00000   20.00000
