120 570 0
120 505 0
120 509 0
120 0 0
120 0 0
120 0 0
120 0 0
120 0 0
120 0 0
120 551 0
120 490 0
120 492 0
120 0 0
120 0 0
120 0 0
120 0 0
120 0 0
120 0 0
120 543 0
120 517 0
120 530 0
120 0 0
120 0 0
120 0 0
120 0 0
120 0 0
120 0 0
120 541 0
120 500 0
120 513 0
120 0 0
120 0 0
120 0 0
120 0 0
120 0 0
120 0 0
120 573 0
120 536 0
120 506 0
120 0 0
120 0 0
120 0 0
120 0 0
120 0 0
120 0 0
120 571 0
120 506 0
120 519 0
120 2 0
120 7 0
120 2 0
120 6 0
120 1 0
120 1 0
119 576 1
116 540 4
119 519 1
118 33 2
118 18 2
119 12 1
120 13 0
118 20 2
117 12 3
118 585 2
115 539 5
117 520 3
114 63 6
111 49 9
114 35 6
115 54 5
115 46 5
112 37 8
116 610 4
112 566 8
110 547 10
114 134 6
114 93 6
102 91 18
110 111 10
113 85 7
109 76 11
106 660 14
104 603 16
96 568 24
105 196 15
109 145 11
103 144 17
103 176 17
104 148 16
99 133 21
107 692 13
94 611 26
100 573 20
111 250 9
103 207 17
98 183 22
101 230 19
104 225 16
101 174 19
120 21 0
120 28 0
120 34 0
120 0 0
120 0 0
120 0 0
120 0 0
120 0 0
120 0 0
120 35 0
120 27 0
120 29 0
120 0 0
120 0 0
120 0 0
120 0 0
120 0 0
120 0 0
120 36 0
120 33 0
120 37 0
120 0 0
120 0 0
120 0 0
120 0 0
120 0 0
120 0 0
120 29 0
120 41 0
120 29 0
120 0 0
120 0 0
120 0 0
120 0 0
120 0 0
120 0 0
120 40 0
120 28 0
120 30 0
120 1 0
120 0 0
120 0 0
120 0 0
120 0 0
120 0 0
120 34 0
120 36 0
119 32 1
119 3 1
120 0 0
119 5 1
119 1 1
120 0 0
120 0 0
117 50 3
120 39 0
119 38 1
117 26 3
117 11 3
118 11 2
119 1 1
119 1 1
120 0 0
116 71 4
115 48 5
116 44 4
114 50 6
117 38 3
111 44 9
118 3 2
120 0 0
120 0 0
113 80 7
113 81 7
109 59 11
115 97 5
110 82 10
105 72 15
117 5 3
118 2 2
118 2 2
106 98 14
111 96 9
100 83 20
103 173 17
101 135 19
99 133 21
116 10 4
115 6 5
119 1 1
108 135 12
98 120 22
99 81 21
106 234 14
99 196 21
102 168 18
111 21 9
109 13 11
116 4 4
120 0 0
120 1 0
120 0 0
120 0 0
120 0 0
120 0 0
0 0 120
0 0 120
0 0 120
120 0 0
120 1 0
120 0 0
120 0 0
120 0 0
120 0 0
0 0 120
0 0 120
0 0 120
120 0 0
120 1 0
120 1 0
120 0 0
120 0 0
120 0 0
0 0 120
0 0 120
0 0 120
120 1 0
120 0 0
120 0 0
120 0 0
120 0 0
120 0 0
0 0 120
0 0 120
0 0 120
120 0 0
120 1 0
120 0 0
120 0 0
120 1 0
120 0 0
0 0 120
0 0 120
0 0 120
120 3 0
120 0 0
120 1 0
120 2 0
120 4 0
120 2 0
0 0 120
0 0 120
0 0 120
118 9 2
117 3 3
118 4 2
119 9 1
120 5 0
120 9 0
0 0 120
0 0 120
0 0 120
115 20 5
115 19 5
117 11 3
117 47 3
115 33 5
114 37 6
0 0 120
0 0 120
0 0 120
112 48 8
109 40 11
102 32 18
113 77 7
109 73 11
113 66 7
0 0 120
0 0 120
0 0 120
112 83 8
104 54 16
105 40 15
104 157 16
104 122 16
105 97 15
0 0 120
0 0 120
0 0 120
100 105 20
92 98 28
92 61 28
109 205 11
97 162 23
106 133 14
0 0 120
0 0 120
0 0 120
120 0 0
120 0 0
120 0 0
120 0 0
120 0 0
120 0 0
0 0 120
0 0 120
0 0 120
120 0 0
120 0 0
120 0 0
120 0 0
120 0 0
120 0 0
0 0 120
0 0 120
0 0 120
120 0 0
120 0 0
120 0 0
120 0 0
120 0 0
120 0 0
0 0 120
0 0 120
0 0 120
120 0 0
120 0 0
120 0 0
120 0 0
120 0 0
120 0 0
0 0 120
0 0 120
0 0 120
120 0 0
120 0 0
120 0 0
120 0 0
120 0 0
120 0 0
0 0 120
0 0 120
0 0 120
120 0 0
120 2 0
120 0 0
120 4 0
119 3 1
120 1 0
0 0 120
0 0 120
0 0 120
119 6 1
120 1 0
115 6 5
119 19 1
120 7 0
119 6 1
0 0 120
0 0 120
0 0 120
114 22 6
114 21 6
117 4 3
117 33 3
116 30 4
117 30 3
0 0 120
0 0 120
0 0 120
113 40 7
106 37 14
106 20 14
111 65 9
112 63 8
108 54 12
0 0 120
0 0 120
0 0 120
102 62 18
98 59 22
105 34 15
100 143 20
109 114 11
102 89 18
0 0 120
0 0 120
0 0 120
100 103 20
103 60 17
96 46 24
107 160 13
107 144 13
100 127 20
0 0 120
0 0 120
0 0 120
120 0 0
120 0 0
120 0 0
120 0 0
120 0 0
120 0 0
0 0 120
0 0 120
0 0 120
120 0 0
120 0 0
120 0 0
120 0 0
120 0 0
120 0 0
0 0 120
0 0 120
0 0 120
120 0 0
120 0 0
120 0 0
120 0 0
120 0 0
120 0 0
0 0 120
0 0 120
0 0 120
120 0 0
120 0 0
120 0 0
120 0 0
120 0 0
120 0 0
0 0 120
0 0 120
0 0 120
120 0 0
120 0 0
120 0 0
120 0 0
119 1 1
120 0 0
0 0 120
0 0 120
0 0 120
119 2 1
119 4 1
120 0 0
120 0 0
120 2 0
120 1 0
0 0 120
0 0 120
0 0 120
118 6 2
118 4 2
119 1 1
119 12 1
119 7 1
115 7 5
0 0 120
0 0 120
0 0 120
115 24 5
119 7 1
112 13 8
116 42 4
114 32 6
110 20 10
0 0 120
0 0 120
0 0 120
109 39 11
107 27 13
106 21 14
113 72 7
113 49 7
106 42 14
0 0 120
0 0 120
0 0 120
107 73 13
98 49 22
103 38 17
111 110 9
107 97 13
102 66 18
0 0 120
0 0 120
0 0 120
108 95 12
93 69 27
90 58 30
102 167 18
105 114 15
95 108 25
0 0 120
0 0 120
0 0 120
120 0 0
120 0 0
120 0 0
120 0 0
120 0 0
120 0 0
0 0 120
0 0 120
0 0 120
120 0 0
120 0 0
120 0 0
120 0 0
120 0 0
120 0 0
0 0 120
0 0 120
0 0 120
120 0 0
120 0 0
120 0 0
120 0 0
120 0 0
120 0 0
0 0 120
0 0 120
0 0 120
120 0 0
120 0 0
120 0 0
120 0 0
120 0 0
120 0 0
0 0 120
0 0 120
0 0 120
120 0 0
120 0 0
120 0 0
120 0 0
120 2 0
120 0 0
0 0 120
0 0 120
0 0 120
118 2 2
120 0 0
120 0 0
120 1 0
120 1 0
119 2 1
0 0 120
0 0 120
0 0 120
120 9 0
118 5 2
117 3 3
120 4 0
118 6 2
120 0 0
0 0 120
0 0 120
0 0 120
115 17 5
113 14 7
113 8 7
114 34 6
113 20 7
113 9 7
0 0 120
0 0 120
0 0 120
110 47 10
109 29 11
115 13 5
115 44 5
108 30 12
105 27 15
0 0 120
0 0 120
0 0 120
107 56 13
105 41 15
101 32 19
112 63 8
107 67 13
107 36 13
0 0 120
0 0 120
0 0 120
102 85 18
99 56 21
91 53 29
100 108 20
101 88 19
91 70 29
0 0 120
0 0 120
0 0 120
120 0 0
120 0 0
120 0 0
120 0 0
120 0 0
120 0 0
0 0 120
0 0 120
0 0 120
120 0 0
120 0 0
120 0 0
120 0 0
120 0 0
120 0 0
0 0 120
0 0 120
0 0 120
120 0 0
120 0 0
120 0 0
120 0 0
120 0 0
120 0 0
0 0 120
0 0 120
0 0 120
120 0 0
120 0 0
120 0 0
120 0 0
120 0 0
120 0 0
0 0 120
0 0 120
0 0 120
120 0 0
120 0 0
120 0 0
120 1 0
120 0 0
120 0 0
0 0 120
0 0 120
0 0 120
120 0 0
120 0 0
119 1 1
120 0 0
118 2 2
120 0 0
0 0 120
0 0 120
0 0 120
119 2 1
119 1 1
119 1 1
120 2 0
119 1 1
119 1 1
0 0 120
0 0 120
0 0 120
115 15 5
114 9 6
114 8 6
114 9 6
116 4 4
116 4 4
0 0 120
0 0 120
0 0 120
113 23 7
109 15 11
108 16 12
111 18 9
116 5 4
116 5 4
0 0 120
0 0 120
0 0 120
110 34 10
100 33 20
102 25 18
112 33 8
106 19 14
114 9 6
0 0 120
0 0 120
0 0 120
108 39 12
96 36 24
105 20 15
107 51 13
94 38 26
111 9 9
0 0 120
0 0 120
0 0 120
