3 0.1 50 10  80 365   0
3 0.1 50 15  80 337   0
3 0.1 50 20  80 321   0
3 0.1 100 10 80  0  0
3 0.1 100 15 80  0  0
3 0.1 100 20 80  0  0
3 0.1 200 10 80  0  0
3 0.1 200 15 80  0  0
3 0.1 200 20 80  0  0
3 0.15 50 10  80 361   0
3 0.15 50 15  80 361   0
3 0.15 50 20  80 335   0
3 0.15 100 10 80  0  0
3 0.15 100 15 80  0  0
3 0.15 100 20 80  0  0
3 0.15 200 10 80  0  0
3 0.15 200 15 80  0  0
3 0.15 200 20 80  0  0
3 0.2 50 10  80 386   0
3 0.2 50 15  80 360   0
3 0.2 50 20  80 352   0
3 0.2 100 10 80  0  0
3 0.2 100 15 80  0  0
3 0.2 100 20 80  0  0
3 0.2 200 10 80  0  0
3 0.2 200 15 80  0  0
3 0.2 200 20 80  0  0
3 0.25 50 10  80 377   0
3 0.25 50 15  80 358   0
3 0.25 50 20  80 330   0
3 0.25 100 10 80  0  0
3 0.25 100 15 80  0  0
3 0.25 100 20 80  0  0
3 0.25 200 10 80  0  0
3 0.25 200 15 80  0  0
3 0.25 200 20 80  0  0
3 0.3 50 10  80 394   0
3 0.3 50 15  80 347   0
3 0.3 50 20  80 327   0
3 0.3 100 10 80  0  0
3 0.3 100 15 80  0  0
3 0.3 100 20 80  0  0
3 0.3 200 10 80  0  0
3 0.3 200 15 80  0  0
3 0.3 200 20 80  0  0
3 0.35 50 10  80 365   0
3 0.35 50 15  80 346   0
3 0.35 50 20  80 338   0
3 0.35 100 10 80  4  0
3 0.35 100 15 80  3  0
3 0.35 100 20 80  2  0
3 0.35 200 10 79  1  1
3 0.35 200 15 80  2  0
3 0.35 200 20 80  0  0
3 0.4 50 10  80 383   0
3 0.4 50 15  79 372   1
3 0.4 50 20  78 356   2
3 0.4 100 10 80 14  0
3 0.4 100 15 79  6  1
3 0.4 100 20 80  8  0
3 0.4 200 10 79 16  1
3 0.4 200 15 78  5  2
3 0.4 200 20 77 12  3
3 0.45 50 10  78 416   2
3 0.45 50 15  77 371   3
3 0.45 50 20  77 360   3
3 0.45 100 10 76 46  4
3 0.45 100 15 75 40  5
3 0.45 100 20 78 25  2
3 0.45 200 10 80 22  0
3 0.45 200 15 78 24  2
3 0.45 200 20 74 24  6
3 0.5 50 10  71 422   9
3 0.5 50 15  74 387   6
3 0.5 50 20  75 376   5
3 0.5 100 10 74 76  6
3 0.5 100 15 76 59  4
3 0.5 100 20 73 54  7
3 0.5 200 10 73 65  7
3 0.5 200 15 67 65 13
3 0.5 200 20 69 56 11
3 0.55 50 10  77 452   3
3 0.55 50 15  68 396  12
3 0.55 50 20  67 407  13
3 0.55 100 10  75 107   5
3 0.55 100 15  67 104  13
3 0.55 100 20 67 85 13
3 0.55 200 10  73 110   7
3 0.55 200 15 69 95 11
3 0.55 200 20 70 86 10
3 0.6 50 10  67 455  13
3 0.6 50 15  67 406  13
3 0.6 50 20  61 408  19
3 0.6 100 10  68 191  12
3 0.6 100 15  65 150  15
3 0.6 100 20  65 116  15
3 0.6 200 10  70 189  10
3 0.6 200 15  68 136  12
3 0.6 200 20  66 127  14
5 0.1 50 10 80 14  0
5 0.1 50 15 80 22  0
5 0.1 50 20 80 20  0
5 0.1 100 10 80  0  0
5 0.1 100 15 80  0  0
5 0.1 100 20 80  0  0
5 0.1 200 10 80  0  0
5 0.1 200 15 80  0  0
5 0.1 200 20 80  0  0
5 0.15 50 10 80 17  0
5 0.15 50 15 80 21  0
5 0.15 50 20 80 15  0
5 0.15 100 10 80  0  0
5 0.15 100 15 80  0  0
5 0.15 100 20 80  0  0
5 0.15 200 10 80  0  0
5 0.15 200 15 80  0  0
5 0.15 200 20 80  0  0
5 0.2 50 10 80 24  0
5 0.2 50 15 80 19  0
5 0.2 50 20 80 23  0
5 0.2 100 10 80  0  0
5 0.2 100 15 80  0  0
5 0.2 100 20 80  0  0
5 0.2 200 10 80  0  0
5 0.2 200 15 80  0  0
5 0.2 200 20 80  0  0
5 0.25 50 10 80 22  0
5 0.25 50 15 80 22  0
5 0.25 50 20 80 34  0
5 0.25 100 10 80  0  0
5 0.25 100 15 80  0  0
5 0.25 100 20 80  0  0
5 0.25 200 10 80  0  0
5 0.25 200 15 80  0  0
5 0.25 200 20 80  0  0
5 0.3 50 10 80 30  0
5 0.3 50 15 80 17  0
5 0.3 50 20 80 29  0
5 0.3 100 10 80  1  0
5 0.3 100 15 80  0  0
5 0.3 100 20 80  0  0
5 0.3 200 10 80  0  0
5 0.3 200 15 80  0  0
5 0.3 200 20 80  0  0
5 0.35 50 10 79 21  1
5 0.35 50 15 79 24  1
5 0.35 50 20 80 21  0
5 0.35 100 10 80  2  0
5 0.35 100 15 79  3  1
5 0.35 100 20 79  2  1
5 0.35 200 10 80  0  0
5 0.35 200 15 80  0  0
5 0.35 200 20 80  0  0
5 0.4 50 10 80 23  0
5 0.4 50 15 80 30  0
5 0.4 50 20 80 29  0
5 0.4 100 10 79 10  1
5 0.4 100 15 80  8  0
5 0.4 100 20 79  6  1
5 0.4 200 10 80  0  0
5 0.4 200 15 80  0  0
5 0.4 200 20 80  0  0
5 0.45 50 10 79 23  1
5 0.45 50 15 75 32  5
5 0.45 50 20 75 21  5
5 0.45 100 10 78 41  2
5 0.45 100 15 75 25  5
5 0.45 100 20 76 20  4
5 0.45 200 10 79  2  1
5 0.45 200 15 80  0  0
5 0.45 200 20 80  0  0
5 0.5 50 10 75 47  5
5 0.5 50 15 71 43  9
5 0.5 50 20 75 32  5
5 0.5 100 10 78 67  2
5 0.5 100 15 77 54  3
5 0.5 100 20 76 45  4
5 0.5 200 10 76  5  4
5 0.5 200 15 77  3  3
5 0.5 200 20 80  0  0
5 0.55 50 10 73 58  7
5 0.55 50 15 68 55 12
5 0.55 50 20 66 69 14
5 0.55 100 10  71 109   9
5 0.55 100 15 69 95 11
5 0.55 100 20 63 85 17
5 0.55 200 10 72  9  8
5 0.55 200 15 76  4  4
5 0.55 200 20 79  1  1
5 0.6 50 10  71 107   9
5 0.6 50 15 65 80 15
5 0.6 50 20 59 72 21
5 0.6 100 10  73 146   7
5 0.6 100 15  61 126  19
5 0.6 100 20  71 101   9
5 0.6 200 10 74 14  6
5 0.6 200 15 75  7  5
5 0.6 200 20 80  0  0
7 0.1 50 10 80  0  0
7 0.1 50 15 80  0  0
7 0.1 50 20 80  0  0
7 0.1 100 10 80  0  0
7 0.1 100 15 80  0  0
7 0.1 100 20 80  0  0
7 0.1 200 10  0  0 80
7 0.1 200 15  0  0 80
7 0.1 200 20  0  0 80
7 0.15 50 10 80  1  0
7 0.15 50 15 80  1  0
7 0.15 50 20 80  1  0
7 0.15 100 10 80  0  0
7 0.15 100 15 80  0  0
7 0.15 100 20 80  0  0
7 0.15 200 10  0  0 80
7 0.15 200 15  0  0 80
7 0.15 200 20  0  0 80
7 0.2 50 10 80  0  0
7 0.2 50 15 80  0  0
7 0.2 50 20 80  1  0
7 0.2 100 10 80  0  0
7 0.2 100 15 80  0  0
7 0.2 100 20 80  0  0
7 0.2 200 10  0  0 80
7 0.2 200 15  0  0 80
7 0.2 200 20  0  0 80
7 0.25 50 10 80  0  0
7 0.25 50 15 80  0  0
7 0.25 50 20 80  0  0
7 0.25 100 10 80  0  0
7 0.25 100 15 80  0  0
7 0.25 100 20 80  0  0
7 0.25 200 10  0  0 80
7 0.25 200 15  0  0 80
7 0.25 200 20  0  0 80
7 0.3 50 10 80  0  0
7 0.3 50 15 80  0  0
7 0.3 50 20 80  0  0
7 0.3 100 10 80  1  0
7 0.3 100 15 80  1  0
7 0.3 100 20 80  0  0
7 0.3 200 10  0  0 80
7 0.3 200 15  0  0 80
7 0.3 200 20  0  0 80
7 0.35 50 10 80  1  0
7 0.35 50 15 80  0  0
7 0.35 50 20 80  0  0
7 0.35 100 10 80  3  0
7 0.35 100 15 78  2  2
7 0.35 100 20 80  3  0
7 0.35 200 10  0  0 80
7 0.35 200 15  0  0 80
7 0.35 200 20  0  0 80
7 0.4 50 10 78  7  2
7 0.4 50 15 77  5  3
7 0.4 50 20 79  3  1
7 0.4 100 10 80  6  0
7 0.4 100 15 79  8  1
7 0.4 100 20 77  6  3
7 0.4 200 10  0  0 80
7 0.4 200 15  0  0 80
7 0.4 200 20  0  0 80
7 0.45 50 10 79 13  1
7 0.45 50 15 77  9  3
7 0.45 50 20 77 10  3
7 0.45 100 10 79 27  1
7 0.45 100 15 75 31  5
7 0.45 100 20 73 29  7
7 0.45 200 10  0  0 80
7 0.45 200 15  0  0 80
7 0.45 200 20  0  0 80
7 0.5 50 10 76 23  4
7 0.5 50 15 76 25  4
7 0.5 50 20 66 23 14
7 0.5 100 10 75 64  5
7 0.5 100 15 75 48  5
7 0.5 100 20 69 52 11
7 0.5 200 10  0  0 80
7 0.5 200 15  0  0 80
7 0.5 200 20  0  0 80
7 0.55 50 10 74 47  6
7 0.55 50 15 66 44 14
7 0.55 50 20 69 25 11
7 0.55 100 10  73 101   7
7 0.55 100 15 70 73 10
7 0.55 100 20 69 61 11
7 0.55 200 10  0  0 80
7 0.55 200 15  0  0 80
7 0.55 200 20  0  0 80
7 0.6 50 10 73 78  7
7 0.6 50 15 66 46 14
7 0.6 50 20 66 36 14
7 0.6 100 10  76 107   4
7 0.6 100 15  53 139  27
7 0.6 100 20 69 96 11
7 0.6 200 10  0  0 80
7 0.6 200 15  0  0 80
7 0.6 200 20  0  0 80
9 0.1 50 10 80  0  0
9 0.1 50 15 80  0  0
9 0.1 50 20 80  0  0
9 0.1 100 10 80  0  0
9 0.1 100 15 80  0  0
9 0.1 100 20 80  0  0
9 0.1 200 10  0  0 80
9 0.1 200 15  0  0 80
9 0.1 200 20  0  0 80
9 0.15 50 10 80  0  0
9 0.15 50 15 80  0  0
9 0.15 50 20 80  0  0
9 0.15 100 10 80  0  0
9 0.15 100 15 80  0  0
9 0.15 100 20 80  0  0
9 0.15 200 10  0  0 80
9 0.15 200 15  0  0 80
9 0.15 200 20  0  0 80
9 0.2 50 10 80  0  0
9 0.2 50 15 80  0  0
9 0.2 50 20 80  0  0
9 0.2 100 10 80  0  0
9 0.2 100 15 80  0  0
9 0.2 100 20 80  0  0
9 0.2 200 10  0  0 80
9 0.2 200 15  0  0 80
9 0.2 200 20  0  0 80
9 0.25 50 10 80  0  0
9 0.25 50 15 80  0  0
9 0.25 50 20 80  0  0
9 0.25 100 10 80  0  0
9 0.25 100 15 80  0  0
9 0.25 100 20 80  0  0
9 0.25 200 10  0  0 80
9 0.25 200 15  0  0 80
9 0.25 200 20  0  0 80
9 0.3 50 10 80  0  0
9 0.3 50 15 80  0  0
9 0.3 50 20 80  0  0
9 0.3 100 10 80  0  0
9 0.3 100 15 80  1  0
9 0.3 100 20 80  0  0
9 0.3 200 10  0  0 80
9 0.3 200 15  0  0 80
9 0.3 200 20  0  0 80
9 0.35 50 10 80  2  0
9 0.35 50 15 80  0  0
9 0.35 50 20 80  0  0
9 0.35 100 10 80  2  0
9 0.35 100 15 80  1  0
9 0.35 100 20 80  1  0
9 0.35 200 10  0  0 80
9 0.35 200 15  0  0 80
9 0.35 200 20  0  0 80
9 0.4 50 10 78  5  2
9 0.4 50 15 80  2  0
9 0.4 50 20 77  3  3
9 0.4 100 10 80  6  0
9 0.4 100 15 80 10  0
9 0.4 100 20 73 16  7
9 0.4 200 10  0  0 80
9 0.4 200 15  0  0 80
9 0.4 200 20  0  0 80
9 0.45 50 10 78  6  2
9 0.45 50 15 78  7  2
9 0.45 50 20 76  6  4
9 0.45 100 10 79 12  1
9 0.45 100 15 78 19  2
9 0.45 100 20 77 14  3
9 0.45 200 10  0  0 80
9 0.45 200 15  0  0 80
9 0.45 200 20  0  0 80
9 0.5 50 10 78 18  2
9 0.5 50 15 74 22  6
9 0.5 50 20 71 16  9
9 0.5 100 10 78 54  2
9 0.5 100 15 75 47  5
9 0.5 100 20 71 41  9
9 0.5 200 10  0  0 80
9 0.5 200 15  0  0 80
9 0.5 200 20  0  0 80
9 0.55 50 10 70 50 10
9 0.55 50 15 71 26  9
9 0.55 50 20 68 23 12
9 0.55 100 10 73 85  7
9 0.55 100 15 65 88 15
9 0.55 100 20 67 56 13
9 0.55 200 10  0  0 80
9 0.55 200 15  0  0 80
9 0.55 200 20  0  0 80
9 0.6 50 10 68 56 12
9 0.6 50 15 65 54 15
9 0.6 50 20 60 38 20
9 0.6 100 10  68 130  12
9 0.6 100 15 72 96  8
9 0.6 100 20 68 87 12
9 0.6 200 10  0  0 80
9 0.6 200 15  0  0 80
9 0.6 200 20  0  0 80
11 0.1 50 10 80  0  0
11 0.1 50 15 80  0  0
11 0.1 50 20 80  0  0
11 0.1 100 10 80  0  0
11 0.1 100 15 80  0  0
11 0.1 100 20 80  0  0
11 0.1 200 10  0  0 80
11 0.1 200 15  0  0 80
11 0.1 200 20  0  0 80
11 0.15 50 10 80  0  0
11 0.15 50 15 80  0  0
11 0.15 50 20 80  0  0
11 0.15 100 10 80  0  0
11 0.15 100 15 80  0  0
11 0.15 100 20 80  0  0
11 0.15 200 10  0  0 80
11 0.15 200 15  0  0 80
11 0.15 200 20  0  0 80
11 0.2 50 10 80  0  0
11 0.2 50 15 80  0  0
11 0.2 50 20 80  0  0
11 0.2 100 10 80  0  0
11 0.2 100 15 80  0  0
11 0.2 100 20 80  0  0
11 0.2 200 10  0  0 80
11 0.2 200 15  0  0 80
11 0.2 200 20  0  0 80
11 0.25 50 10 80  0  0
11 0.25 50 15 80  0  0
11 0.25 50 20 80  0  0
11 0.25 100 10 80  0  0
11 0.25 100 15 80  0  0
11 0.25 100 20 80  0  0
11 0.25 200 10  0  0 80
11 0.25 200 15  0  0 80
11 0.25 200 20  0  0 80
11 0.3 50 10 80  0  0
11 0.3 50 15 80  0  0
11 0.3 50 20 80  0  0
11 0.3 100 10 80  0  0
11 0.3 100 15 80  0  0
11 0.3 100 20 80  0  0
11 0.3 200 10  0  0 80
11 0.3 200 15  0  0 80
11 0.3 200 20  0  0 80
11 0.35 50 10 80  2  0
11 0.35 50 15 80  0  0
11 0.35 50 20 80  0  0
11 0.35 100 10 79  1  1
11 0.35 100 15 80  1  0
11 0.35 100 20 79  3  1
11 0.35 200 10  0  0 80
11 0.35 200 15  0  0 80
11 0.35 200 20  0  0 80
11 0.4 50 10 79  4  1
11 0.4 50 15 78  4  2
11 0.4 50 20 79  2  1
11 0.4 100 10 80  2  0
11 0.4 100 15 79  6  1
11 0.4 100 20 76  9  4
11 0.4 200 10  0  0 80
11 0.4 200 15  0  0 80
11 0.4 200 20  0  0 80
11 0.45 50 10 79 17  1
11 0.45 50 15 75 14  5
11 0.45 50 20 77  5  3
11 0.45 100 10 78 21  2
11 0.45 100 15 79 16  1
11 0.45 100 20 75 22  5
11 0.45 200 10  0  0 80
11 0.45 200 15  0  0 80
11 0.45 200 20  0  0 80
11 0.5 50 10 79 15  1
11 0.5 50 15 72 16  8
11 0.5 50 20 68 16 12
11 0.5 100 10 71 57  9
11 0.5 100 15 70 42 10
11 0.5 100 20 71 34  9
11 0.5 200 10  0  0 80
11 0.5 200 15  0  0 80
11 0.5 200 20  0  0 80
11 0.55 50 10 73 48  7
11 0.55 50 15 70 30 10
11 0.55 50 20 66 27 14
11 0.55 100 10 72 72  8
11 0.55 100 15 68 64 12
11 0.55 100 20 73 48  7
11 0.55 200 10  0  0 80
11 0.55 200 15  0  0 80
11 0.55 200 20  0  0 80
11 0.6 50 10 67 62 13
11 0.6 50 15 68 40 12
11 0.6 50 20 58 44 22
11 0.6 100 10 73 86  7
11 0.6 100 15 68 76 12
11 0.6 100 20 64 65 16
11 0.6 200 10  0  0 80
11 0.6 200 15  0  0 80
11 0.6 200 20  0  0 80
15 0.1 50 10 80  0  0
15 0.1 50 15 80  0  0
15 0.1 50 20 80  0  0
15 0.1 100 10 80  0  0
15 0.1 100 15 80  0  0
15 0.1 100 20 80  0  0
15 0.1 200 10  0  0 80
15 0.1 200 15  0  0 80
15 0.1 200 20  0  0 80
15 0.15 50 10 80  0  0
15 0.15 50 15 80  0  0
15 0.15 50 20 80  0  0
15 0.15 100 10 80  0  0
15 0.15 100 15 80  0  0
15 0.15 100 20 80  0  0
15 0.15 200 10  0  0 80
15 0.15 200 15  0  0 80
15 0.15 200 20  0  0 80
15 0.2 50 10 80  0  0
15 0.2 50 15 80  0  0
15 0.2 50 20 80  0  0
15 0.2 100 10 80  0  0
15 0.2 100 15 80  0  0
15 0.2 100 20 80  0  0
15 0.2 200 10  0  0 80
15 0.2 200 15  0  0 80
15 0.2 200 20  0  0 80
15 0.25 50 10 80  0  0
15 0.25 50 15 80  0  0
15 0.25 50 20 80  0  0
15 0.25 100 10 80  0  0
15 0.25 100 15 80  0  0
15 0.25 100 20 80  0  0
15 0.25 200 10  0  0 80
15 0.25 200 15  0  0 80
15 0.25 200 20  0  0 80
15 0.3 50 10 80  0  0
15 0.3 50 15 80  0  0
15 0.3 50 20 80  0  0
15 0.3 100 10 80  0  0
15 0.3 100 15 80  1  0
15 0.3 100 20 80  0  0
15 0.3 200 10  0  0 80
15 0.3 200 15  0  0 80
15 0.3 200 20  0  0 80
15 0.35 50 10 80  1  0
15 0.35 50 15 80  0  0
15 0.35 50 20 79  1  1
15 0.35 100 10 80  1  0
15 0.35 100 15 80  1  0
15 0.35 100 20 79  1  1
15 0.35 200 10  0  0 80
15 0.35 200 15  0  0 80
15 0.35 200 20  0  0 80
15 0.4 50 10 80  7  0
15 0.4 50 15 79  3  1
15 0.4 50 20 76  4  4
15 0.4 100 10 80  4  0
15 0.4 100 15 79  3  1
15 0.4 100 20 80  1  0
15 0.4 200 10  0  0 80
15 0.4 200 15  0  0 80
15 0.4 200 20  0  0 80
15 0.45 50 10 78 10  2
15 0.45 50 15 77  5  3
15 0.45 50 20 78  2  2
15 0.45 100 10 80 15  0
15 0.45 100 15 76 12  4
15 0.45 100 20 77  8  3
15 0.45 200 10  0  0 80
15 0.45 200 15  0  0 80
15 0.45 200 20  0  0 80
15 0.5 50 10 76 26  4
15 0.5 50 15 70 23 10
15 0.5 50 20 70 17 10
15 0.5 100 10 77 28  3
15 0.5 100 15 73 16  7
15 0.5 100 20 71 13  9
15 0.5 200 10  0  0 80
15 0.5 200 15  0  0 80
15 0.5 200 20  0  0 80
15 0.55 50 10 72 44  8
15 0.55 50 15 70 26 10
15 0.55 50 20 75 16  5
15 0.55 100 10 70 48 10
15 0.55 100 15 73 37  7
15 0.55 100 20 62 35 18
15 0.55 200 10  0  0 80
15 0.55 200 15  0  0 80
15 0.55 200 20  0  0 80
15 0.6 50 10 72 48  8
15 0.6 50 15 60 40 20
15 0.6 50 20 65 28 15
15 0.6 100 10 75 78  5
15 0.6 100 15 71 58  9
15 0.6 100 20 60 41 20
15 0.6 200 10  0  0 80
15 0.6 200 15  0  0 80
15 0.6 200 20  0  0 80
20 0.1 50 10 80  0  0
20 0.1 50 15 80  0  0
20 0.1 50 20 80  0  0
20 0.1 100 10 80  0  0
20 0.1 100 15 80  0  0
20 0.1 100 20 80  0  0
20 0.1 200 10  0  0 80
20 0.1 200 15  0  0 80
20 0.1 200 20  0  0 80
20 0.15 50 10 80  0  0
20 0.15 50 15 80  0  0
20 0.15 50 20 80  0  0
20 0.15 100 10 80  0  0
20 0.15 100 15 80  0  0
20 0.15 100 20 80  0  0
20 0.15 200 10  0  0 80
20 0.15 200 15  0  0 80
20 0.15 200 20  0  0 80
20 0.2 50 10 80  0  0
20 0.2 50 15 80  0  0
20 0.2 50 20 80  0  0
20 0.2 100 10 80  0  0
20 0.2 100 15 80  0  0
20 0.2 100 20 80  0  0
20 0.2 200 10  0  0 80
20 0.2 200 15  0  0 80
20 0.2 200 20  0  0 80
20 0.25 50 10 80  0  0
20 0.25 50 15 80  0  0
20 0.25 50 20 80  0  0
20 0.25 100 10 80  0  0
20 0.25 100 15 80  0  0
20 0.25 100 20 80  0  0
20 0.25 200 10  0  0 80
20 0.25 200 15  0  0 80
20 0.25 200 20  0  0 80
20 0.3 50 10 80  0  0
20 0.3 50 15 80  0  0
20 0.3 50 20 80  0  0
20 0.3 100 10 80  0  0
20 0.3 100 15 80  0  0
20 0.3 100 20 80  0  0
20 0.3 200 10  0  0 80
20 0.3 200 15  0  0 80
20 0.3 200 20  0  0 80
20 0.35 50 10 79  2  1
20 0.35 50 15 80  1  0
20 0.35 50 20 80  0  0
20 0.35 100 10 79  2  1
20 0.35 100 15 80  0  0
20 0.35 100 20 80  0  0
20 0.35 200 10  0  0 80
20 0.35 200 15  0  0 80
20 0.35 200 20  0  0 80
20 0.4 50 10 80  3  0
20 0.4 50 15 80  0  0
20 0.4 50 20 78  2  2
20 0.4 100 10 79  3  1
20 0.4 100 15 79  1  1
20 0.4 100 20 80  0  0
20 0.4 200 10  0  0 80
20 0.4 200 15  0  0 80
20 0.4 200 20  0  0 80
20 0.45 50 10 77 12  3
20 0.45 50 15 75  7  5
20 0.45 50 20 77  4  3
20 0.45 100 10 78  3  2
20 0.45 100 15 79  1  1
20 0.45 100 20 79  1  1
20 0.45 200 10  0  0 80
20 0.45 200 15  0  0 80
20 0.45 200 20  0  0 80
20 0.5 50 10 75 15  5
20 0.5 50 15 72 11  8
20 0.5 50 20 74  9  6
20 0.5 100 10 75 13  5
20 0.5 100 15 67 13 13
20 0.5 100 20 76  5  4
20 0.5 200 10  0  0 80
20 0.5 200 15  0  0 80
20 0.5 200 20  0  0 80
20 0.55 50 10 75 34  5
20 0.55 50 15 69 13 11
20 0.55 50 20 71 12  9
20 0.55 100 10 70 20 10
20 0.55 100 15 70 14 10
20 0.55 100 20 74  7  6
20 0.55 200 10  0  0 80
20 0.55 200 15  0  0 80
20 0.55 200 20  0  0 80
20 0.6 50 10 67 46 13
20 0.6 50 15 66 21 14
20 0.6 50 20 67 20 13
20 0.6 100 10 67 37 13
20 0.6 100 15 68 20 12
20 0.6 100 20 75  7  5
20 0.6 200 10  0  0 80
20 0.6 200 15  0  0 80
20 0.6 200 20  0  0 80