2.000000000000000000e+02 6.388000000000000000e+03 0.000000000000000000e+00
2.000000000000000000e+02 5.127000000000000000e+03 0.000000000000000000e+00
2.000000000000000000e+02 4.349000000000000000e+03 0.000000000000000000e+00
2.000000000000000000e+02 3.650000000000000000e+03 0.000000000000000000e+00
2.000000000000000000e+02 3.001000000000000000e+03 0.000000000000000000e+00
2.000000000000000000e+02 2.557000000000000000e+03 0.000000000000000000e+00
2.000000000000000000e+02 0.000000000000000000e+00 0.000000000000000000e+00
2.000000000000000000e+02 0.000000000000000000e+00 0.000000000000000000e+00
2.000000000000000000e+02 0.000000000000000000e+00 0.000000000000000000e+00
2.000000000000000000e+02 6.380000000000000000e+03 0.000000000000000000e+00
2.000000000000000000e+02 5.156000000000000000e+03 0.000000000000000000e+00
2.000000000000000000e+02 4.285000000000000000e+03 0.000000000000000000e+00
2.000000000000000000e+02 3.719000000000000000e+03 0.000000000000000000e+00
2.000000000000000000e+02 3.036000000000000000e+03 0.000000000000000000e+00
2.000000000000000000e+02 2.607000000000000000e+03 0.000000000000000000e+00
2.000000000000000000e+02 0.000000000000000000e+00 0.000000000000000000e+00
2.000000000000000000e+02 1.000000000000000000e+00 0.000000000000000000e+00
2.000000000000000000e+02 1.000000000000000000e+00 0.000000000000000000e+00
2.000000000000000000e+02 6.462000000000000000e+03 0.000000000000000000e+00
2.000000000000000000e+02 5.138000000000000000e+03 0.000000000000000000e+00
2.000000000000000000e+02 4.263000000000000000e+03 0.000000000000000000e+00
2.000000000000000000e+02 3.742000000000000000e+03 0.000000000000000000e+00
2.000000000000000000e+02 3.006000000000000000e+03 0.000000000000000000e+00
2.000000000000000000e+02 2.607000000000000000e+03 0.000000000000000000e+00
2.000000000000000000e+02 1.900000000000000000e+01 0.000000000000000000e+00
2.000000000000000000e+02 4.000000000000000000e+00 0.000000000000000000e+00
2.000000000000000000e+02 8.000000000000000000e+00 0.000000000000000000e+00
2.000000000000000000e+02 6.408000000000000000e+03 0.000000000000000000e+00
2.000000000000000000e+02 5.123000000000000000e+03 0.000000000000000000e+00
2.000000000000000000e+02 4.322000000000000000e+03 0.000000000000000000e+00
2.000000000000000000e+02 3.835000000000000000e+03 0.000000000000000000e+00
2.000000000000000000e+02 2.976000000000000000e+03 0.000000000000000000e+00
2.000000000000000000e+02 2.609000000000000000e+03 0.000000000000000000e+00
2.000000000000000000e+02 3.800000000000000000e+01 0.000000000000000000e+00
2.000000000000000000e+02 4.200000000000000000e+01 0.000000000000000000e+00
2.000000000000000000e+02 4.200000000000000000e+01 0.000000000000000000e+00
2.000000000000000000e+02 6.497000000000000000e+03 0.000000000000000000e+00
2.000000000000000000e+02 5.155000000000000000e+03 0.000000000000000000e+00
2.000000000000000000e+02 4.276000000000000000e+03 0.000000000000000000e+00
2.000000000000000000e+02 3.818000000000000000e+03 0.000000000000000000e+00
2.000000000000000000e+02 3.064000000000000000e+03 0.000000000000000000e+00
2.000000000000000000e+02 2.633000000000000000e+03 0.000000000000000000e+00
2.000000000000000000e+02 7.600000000000000000e+01 0.000000000000000000e+00
2.000000000000000000e+02 7.900000000000000000e+01 0.000000000000000000e+00
2.000000000000000000e+02 8.100000000000000000e+01 0.000000000000000000e+00
2.000000000000000000e+02 6.471000000000000000e+03 0.000000000000000000e+00
1.990000000000000000e+02 5.099000000000000000e+03 1.000000000000000000e+00
2.000000000000000000e+02 4.340000000000000000e+03 0.000000000000000000e+00
2.000000000000000000e+02 3.859000000000000000e+03 0.000000000000000000e+00
1.990000000000000000e+02 3.030000000000000000e+03 1.000000000000000000e+00
2.000000000000000000e+02 2.596000000000000000e+03 0.000000000000000000e+00
2.000000000000000000e+02 1.260000000000000000e+02 0.000000000000000000e+00
2.000000000000000000e+02 1.230000000000000000e+02 0.000000000000000000e+00
1.980000000000000000e+02 1.320000000000000000e+02 2.000000000000000000e+00
1.990000000000000000e+02 6.379000000000000000e+03 1.000000000000000000e+00
1.970000000000000000e+02 5.183000000000000000e+03 3.000000000000000000e+00
1.960000000000000000e+02 4.323000000000000000e+03 4.000000000000000000e+00
1.980000000000000000e+02 3.771000000000000000e+03 2.000000000000000000e+00
1.960000000000000000e+02 3.028000000000000000e+03 4.000000000000000000e+00
2.000000000000000000e+02 2.586000000000000000e+03 0.000000000000000000e+00
2.000000000000000000e+02 2.440000000000000000e+02 0.000000000000000000e+00
1.990000000000000000e+02 2.140000000000000000e+02 1.000000000000000000e+00
1.970000000000000000e+02 1.950000000000000000e+02 3.000000000000000000e+00
1.930000000000000000e+02 6.467000000000000000e+03 7.000000000000000000e+00
1.910000000000000000e+02 5.174000000000000000e+03 9.000000000000000000e+00
1.930000000000000000e+02 4.267000000000000000e+03 7.000000000000000000e+00
1.960000000000000000e+02 3.911000000000000000e+03 4.000000000000000000e+00
1.880000000000000000e+02 3.112000000000000000e+03 1.200000000000000000e+01
1.900000000000000000e+02 2.673000000000000000e+03 1.000000000000000000e+01
1.950000000000000000e+02 3.930000000000000000e+02 5.000000000000000000e+00
1.930000000000000000e+02 3.780000000000000000e+02 7.000000000000000000e+00
1.830000000000000000e+02 3.320000000000000000e+02 1.700000000000000000e+01
1.890000000000000000e+02 6.548000000000000000e+03 1.100000000000000000e+01
1.810000000000000000e+02 5.197000000000000000e+03 1.900000000000000000e+01
1.830000000000000000e+02 4.366000000000000000e+03 1.700000000000000000e+01
1.880000000000000000e+02 3.960000000000000000e+03 1.200000000000000000e+01
1.830000000000000000e+02 3.246000000000000000e+03 1.700000000000000000e+01
1.850000000000000000e+02 2.744000000000000000e+03 1.500000000000000000e+01
1.880000000000000000e+02 6.960000000000000000e+02 1.200000000000000000e+01
1.830000000000000000e+02 5.620000000000000000e+02 1.700000000000000000e+01
1.790000000000000000e+02 5.330000000000000000e+02 2.100000000000000000e+01
1.720000000000000000e+02 6.581000000000000000e+03 2.800000000000000000e+01
1.760000000000000000e+02 5.289000000000000000e+03 2.400000000000000000e+01
1.600000000000000000e+02 4.381000000000000000e+03 4.000000000000000000e+01
1.810000000000000000e+02 4.131000000000000000e+03 1.900000000000000000e+01
1.720000000000000000e+02 3.342000000000000000e+03 2.800000000000000000e+01
1.700000000000000000e+02 2.839000000000000000e+03 3.000000000000000000e+01
1.770000000000000000e+02 9.790000000000000000e+02 2.300000000000000000e+01
1.750000000000000000e+02 8.440000000000000000e+02 2.500000000000000000e+01
1.640000000000000000e+02 7.380000000000000000e+02 3.600000000000000000e+01
1.770000000000000000e+02 6.625000000000000000e+03 2.300000000000000000e+01
1.650000000000000000e+02 5.194000000000000000e+03 3.500000000000000000e+01
1.650000000000000000e+02 4.447000000000000000e+03 3.500000000000000000e+01
1.710000000000000000e+02 4.316000000000000000e+03 2.900000000000000000e+01
1.640000000000000000e+02 3.424000000000000000e+03 3.600000000000000000e+01
1.650000000000000000e+02 2.947000000000000000e+03 3.500000000000000000e+01
1.760000000000000000e+02 1.283000000000000000e+03 2.400000000000000000e+01
1.670000000000000000e+02 1.181000000000000000e+03 3.300000000000000000e+01
1.550000000000000000e+02 1.016000000000000000e+03 4.500000000000000000e+01
2.000000000000000000e+02 4.275000000000000000e+03 0.000000000000000000e+00
2.000000000000000000e+02 3.527000000000000000e+03 0.000000000000000000e+00
2.000000000000000000e+02 3.104000000000000000e+03 0.000000000000000000e+00
2.000000000000000000e+02 1.638000000000000000e+03 0.000000000000000000e+00
2.000000000000000000e+02 1.421000000000000000e+03 0.000000000000000000e+00
2.000000000000000000e+02 1.243000000000000000e+03 0.000000000000000000e+00
2.000000000000000000e+02 0.000000000000000000e+00 0.000000000000000000e+00
2.000000000000000000e+02 0.000000000000000000e+00 0.000000000000000000e+00
2.000000000000000000e+02 0.000000000000000000e+00 0.000000000000000000e+00
2.000000000000000000e+02 4.225000000000000000e+03 0.000000000000000000e+00
2.000000000000000000e+02 3.556000000000000000e+03 0.000000000000000000e+00
2.000000000000000000e+02 3.174000000000000000e+03 0.000000000000000000e+00
2.000000000000000000e+02 1.708000000000000000e+03 0.000000000000000000e+00
2.000000000000000000e+02 1.435000000000000000e+03 0.000000000000000000e+00
2.000000000000000000e+02 1.239000000000000000e+03 0.000000000000000000e+00
2.000000000000000000e+02 0.000000000000000000e+00 0.000000000000000000e+00
2.000000000000000000e+02 0.000000000000000000e+00 0.000000000000000000e+00
2.000000000000000000e+02 0.000000000000000000e+00 0.000000000000000000e+00
2.000000000000000000e+02 4.298000000000000000e+03 0.000000000000000000e+00
2.000000000000000000e+02 3.554000000000000000e+03 0.000000000000000000e+00
2.000000000000000000e+02 3.094000000000000000e+03 0.000000000000000000e+00
2.000000000000000000e+02 1.725000000000000000e+03 0.000000000000000000e+00
2.000000000000000000e+02 1.395000000000000000e+03 0.000000000000000000e+00
2.000000000000000000e+02 1.271000000000000000e+03 0.000000000000000000e+00
2.000000000000000000e+02 0.000000000000000000e+00 0.000000000000000000e+00
2.000000000000000000e+02 0.000000000000000000e+00 0.000000000000000000e+00
2.000000000000000000e+02 0.000000000000000000e+00 0.000000000000000000e+00
2.000000000000000000e+02 4.174000000000000000e+03 0.000000000000000000e+00
2.000000000000000000e+02 3.553000000000000000e+03 0.000000000000000000e+00
2.000000000000000000e+02 3.103000000000000000e+03 0.000000000000000000e+00
2.000000000000000000e+02 1.689000000000000000e+03 0.000000000000000000e+00
2.000000000000000000e+02 1.494000000000000000e+03 0.000000000000000000e+00
2.000000000000000000e+02 1.297000000000000000e+03 0.000000000000000000e+00
2.000000000000000000e+02 0.000000000000000000e+00 0.000000000000000000e+00
2.000000000000000000e+02 0.000000000000000000e+00 0.000000000000000000e+00
2.000000000000000000e+02 0.000000000000000000e+00 0.000000000000000000e+00
2.000000000000000000e+02 4.335000000000000000e+03 0.000000000000000000e+00
2.000000000000000000e+02 3.564000000000000000e+03 0.000000000000000000e+00
2.000000000000000000e+02 3.130000000000000000e+03 0.000000000000000000e+00
2.000000000000000000e+02 1.720000000000000000e+03 0.000000000000000000e+00
2.000000000000000000e+02 1.450000000000000000e+03 0.000000000000000000e+00
1.990000000000000000e+02 1.308000000000000000e+03 1.000000000000000000e+00
2.000000000000000000e+02 0.000000000000000000e+00 0.000000000000000000e+00
2.000000000000000000e+02 2.000000000000000000e+00 0.000000000000000000e+00
2.000000000000000000e+02 1.000000000000000000e+00 0.000000000000000000e+00
2.000000000000000000e+02 4.305000000000000000e+03 0.000000000000000000e+00
1.990000000000000000e+02 3.596000000000000000e+03 1.000000000000000000e+00
1.990000000000000000e+02 3.195000000000000000e+03 1.000000000000000000e+00
2.000000000000000000e+02 1.732000000000000000e+03 0.000000000000000000e+00
2.000000000000000000e+02 1.414000000000000000e+03 0.000000000000000000e+00
2.000000000000000000e+02 1.294000000000000000e+03 0.000000000000000000e+00
2.000000000000000000e+02 1.100000000000000000e+01 0.000000000000000000e+00
1.990000000000000000e+02 4.000000000000000000e+00 1.000000000000000000e+00
1.990000000000000000e+02 8.000000000000000000e+00 1.000000000000000000e+00
1.970000000000000000e+02 4.347000000000000000e+03 3.000000000000000000e+00
1.970000000000000000e+02 3.578000000000000000e+03 3.000000000000000000e+00
1.960000000000000000e+02 3.200000000000000000e+03 4.000000000000000000e+00
1.980000000000000000e+02 1.819000000000000000e+03 2.000000000000000000e+00
1.960000000000000000e+02 1.506000000000000000e+03 4.000000000000000000e+00
1.930000000000000000e+02 1.337000000000000000e+03 7.000000000000000000e+00
1.980000000000000000e+02 4.500000000000000000e+01 2.000000000000000000e+00
1.970000000000000000e+02 4.700000000000000000e+01 3.000000000000000000e+00
1.950000000000000000e+02 4.600000000000000000e+01 5.000000000000000000e+00
1.940000000000000000e+02 4.321000000000000000e+03 6.000000000000000000e+00
1.880000000000000000e+02 3.593000000000000000e+03 1.200000000000000000e+01
1.890000000000000000e+02 3.096000000000000000e+03 1.100000000000000000e+01
1.920000000000000000e+02 1.876000000000000000e+03 8.000000000000000000e+00
1.970000000000000000e+02 1.528000000000000000e+03 3.000000000000000000e+00
1.880000000000000000e+02 1.385000000000000000e+03 1.200000000000000000e+01
1.930000000000000000e+02 1.330000000000000000e+02 7.000000000000000000e+00
1.880000000000000000e+02 1.210000000000000000e+02 1.200000000000000000e+01
1.860000000000000000e+02 1.320000000000000000e+02 1.400000000000000000e+01
1.890000000000000000e+02 4.409000000000000000e+03 1.100000000000000000e+01
1.830000000000000000e+02 3.699000000000000000e+03 1.700000000000000000e+01
1.810000000000000000e+02 3.144000000000000000e+03 1.900000000000000000e+01
1.910000000000000000e+02 2.021000000000000000e+03 9.000000000000000000e+00
1.860000000000000000e+02 1.662000000000000000e+03 1.400000000000000000e+01
1.870000000000000000e+02 1.474000000000000000e+03 1.300000000000000000e+01
1.930000000000000000e+02 2.760000000000000000e+02 7.000000000000000000e+00
1.800000000000000000e+02 2.790000000000000000e+02 2.000000000000000000e+01
1.810000000000000000e+02 2.520000000000000000e+02 1.900000000000000000e+01
1.870000000000000000e+02 4.466000000000000000e+03 1.300000000000000000e+01
1.750000000000000000e+02 3.723000000000000000e+03 2.500000000000000000e+01
1.690000000000000000e+02 3.225000000000000000e+03 3.100000000000000000e+01
1.810000000000000000e+02 2.060000000000000000e+03 1.900000000000000000e+01
1.790000000000000000e+02 1.782000000000000000e+03 2.100000000000000000e+01
1.640000000000000000e+02 1.547000000000000000e+03 3.600000000000000000e+01
1.800000000000000000e+02 4.690000000000000000e+02 2.000000000000000000e+01
1.680000000000000000e+02 4.180000000000000000e+02 3.200000000000000000e+01
1.710000000000000000e+02 3.790000000000000000e+02 2.900000000000000000e+01
1.670000000000000000e+02 4.599000000000000000e+03 3.300000000000000000e+01
1.700000000000000000e+02 3.746000000000000000e+03 3.000000000000000000e+01
1.500000000000000000e+02 3.302000000000000000e+03 5.000000000000000000e+01
1.670000000000000000e+02 2.305000000000000000e+03 3.300000000000000000e+01
1.670000000000000000e+02 1.881000000000000000e+03 3.300000000000000000e+01
1.610000000000000000e+02 1.717000000000000000e+03 3.900000000000000000e+01
1.730000000000000000e+02 6.830000000000000000e+02 2.700000000000000000e+01
1.640000000000000000e+02 6.380000000000000000e+02 3.600000000000000000e+01
1.620000000000000000e+02 4.950000000000000000e+02 3.800000000000000000e+01
2.000000000000000000e+02 1.422000000000000000e+03 0.000000000000000000e+00
2.000000000000000000e+02 1.306000000000000000e+03 0.000000000000000000e+00
2.000000000000000000e+02 1.232000000000000000e+03 0.000000000000000000e+00
2.000000000000000000e+02 0.000000000000000000e+00 0.000000000000000000e+00
2.000000000000000000e+02 0.000000000000000000e+00 0.000000000000000000e+00
2.000000000000000000e+02 0.000000000000000000e+00 0.000000000000000000e+00
2.000000000000000000e+02 0.000000000000000000e+00 0.000000000000000000e+00
2.000000000000000000e+02 0.000000000000000000e+00 0.000000000000000000e+00
2.000000000000000000e+02 0.000000000000000000e+00 0.000000000000000000e+00
2.000000000000000000e+02 1.373000000000000000e+03 0.000000000000000000e+00
2.000000000000000000e+02 1.341000000000000000e+03 0.000000000000000000e+00
2.000000000000000000e+02 1.244000000000000000e+03 0.000000000000000000e+00
2.000000000000000000e+02 0.000000000000000000e+00 0.000000000000000000e+00
2.000000000000000000e+02 0.000000000000000000e+00 0.000000000000000000e+00
2.000000000000000000e+02 0.000000000000000000e+00 0.000000000000000000e+00
2.000000000000000000e+02 0.000000000000000000e+00 0.000000000000000000e+00
2.000000000000000000e+02 0.000000000000000000e+00 0.000000000000000000e+00
2.000000000000000000e+02 0.000000000000000000e+00 0.000000000000000000e+00
2.000000000000000000e+02 1.427000000000000000e+03 0.000000000000000000e+00
2.000000000000000000e+02 1.333000000000000000e+03 0.000000000000000000e+00
2.000000000000000000e+02 1.285000000000000000e+03 0.000000000000000000e+00
2.000000000000000000e+02 0.000000000000000000e+00 0.000000000000000000e+00
2.000000000000000000e+02 0.000000000000000000e+00 0.000000000000000000e+00
2.000000000000000000e+02 0.000000000000000000e+00 0.000000000000000000e+00
2.000000000000000000e+02 0.000000000000000000e+00 0.000000000000000000e+00
2.000000000000000000e+02 0.000000000000000000e+00 0.000000000000000000e+00
2.000000000000000000e+02 0.000000000000000000e+00 0.000000000000000000e+00
2.000000000000000000e+02 1.487000000000000000e+03 0.000000000000000000e+00
2.000000000000000000e+02 1.328000000000000000e+03 0.000000000000000000e+00
2.000000000000000000e+02 1.345000000000000000e+03 0.000000000000000000e+00
2.000000000000000000e+02 0.000000000000000000e+00 0.000000000000000000e+00
2.000000000000000000e+02 0.000000000000000000e+00 0.000000000000000000e+00
2.000000000000000000e+02 0.000000000000000000e+00 0.000000000000000000e+00
2.000000000000000000e+02 0.000000000000000000e+00 0.000000000000000000e+00
2.000000000000000000e+02 0.000000000000000000e+00 0.000000000000000000e+00
2.000000000000000000e+02 0.000000000000000000e+00 0.000000000000000000e+00
2.000000000000000000e+02 1.482000000000000000e+03 0.000000000000000000e+00
2.000000000000000000e+02 1.346000000000000000e+03 0.000000000000000000e+00
2.000000000000000000e+02 1.290000000000000000e+03 0.000000000000000000e+00
2.000000000000000000e+02 0.000000000000000000e+00 0.000000000000000000e+00
2.000000000000000000e+02 0.000000000000000000e+00 0.000000000000000000e+00
2.000000000000000000e+02 0.000000000000000000e+00 0.000000000000000000e+00
2.000000000000000000e+02 0.000000000000000000e+00 0.000000000000000000e+00
2.000000000000000000e+02 0.000000000000000000e+00 0.000000000000000000e+00
2.000000000000000000e+02 0.000000000000000000e+00 0.000000000000000000e+00
2.000000000000000000e+02 1.489000000000000000e+03 0.000000000000000000e+00
2.000000000000000000e+02 1.400000000000000000e+03 0.000000000000000000e+00
1.990000000000000000e+02 1.302000000000000000e+03 1.000000000000000000e+00
2.000000000000000000e+02 8.000000000000000000e+00 0.000000000000000000e+00
2.000000000000000000e+02 4.000000000000000000e+00 0.000000000000000000e+00
2.000000000000000000e+02 4.000000000000000000e+00 0.000000000000000000e+00
1.990000000000000000e+02 4.000000000000000000e+00 1.000000000000000000e+00
1.980000000000000000e+02 6.000000000000000000e+00 2.000000000000000000e+00
1.990000000000000000e+02 2.000000000000000000e+00 1.000000000000000000e+00
1.990000000000000000e+02 1.586000000000000000e+03 1.000000000000000000e+00
1.990000000000000000e+02 1.349000000000000000e+03 1.000000000000000000e+00
1.970000000000000000e+02 1.348000000000000000e+03 3.000000000000000000e+00
1.980000000000000000e+02 2.600000000000000000e+01 2.000000000000000000e+00
1.990000000000000000e+02 1.900000000000000000e+01 1.000000000000000000e+00
1.920000000000000000e+02 2.100000000000000000e+01 8.000000000000000000e+00
1.980000000000000000e+02 1.000000000000000000e+01 2.000000000000000000e+00
1.970000000000000000e+02 1.500000000000000000e+01 3.000000000000000000e+00
1.980000000000000000e+02 6.000000000000000000e+00 2.000000000000000000e+00
1.910000000000000000e+02 1.654000000000000000e+03 9.000000000000000000e+00
1.940000000000000000e+02 1.397000000000000000e+03 6.000000000000000000e+00
1.920000000000000000e+02 1.348000000000000000e+03 8.000000000000000000e+00
1.940000000000000000e+02 6.100000000000000000e+01 6.000000000000000000e+00
1.940000000000000000e+02 6.300000000000000000e+01 6.000000000000000000e+00
1.910000000000000000e+02 5.800000000000000000e+01 9.000000000000000000e+00
1.930000000000000000e+02 5.600000000000000000e+01 7.000000000000000000e+00
1.910000000000000000e+02 4.600000000000000000e+01 9.000000000000000000e+00
1.930000000000000000e+02 3.700000000000000000e+01 7.000000000000000000e+00
1.890000000000000000e+02 1.668000000000000000e+03 1.100000000000000000e+01
1.820000000000000000e+02 1.506000000000000000e+03 1.800000000000000000e+01
1.860000000000000000e+02 1.369000000000000000e+03 1.400000000000000000e+01
1.900000000000000000e+02 1.370000000000000000e+02 1.000000000000000000e+01
1.900000000000000000e+02 1.030000000000000000e+02 1.000000000000000000e+01
1.820000000000000000e+02 1.080000000000000000e+02 1.800000000000000000e+01
1.850000000000000000e+02 1.430000000000000000e+02 1.500000000000000000e+01
1.900000000000000000e+02 1.240000000000000000e+02 1.000000000000000000e+01
1.820000000000000000e+02 8.500000000000000000e+01 1.800000000000000000e+01
1.850000000000000000e+02 1.745000000000000000e+03 1.500000000000000000e+01
1.630000000000000000e+02 1.578000000000000000e+03 3.700000000000000000e+01
1.760000000000000000e+02 1.450000000000000000e+03 2.400000000000000000e+01
1.770000000000000000e+02 2.210000000000000000e+02 2.300000000000000000e+01
1.740000000000000000e+02 1.970000000000000000e+02 2.600000000000000000e+01
1.660000000000000000e+02 1.560000000000000000e+02 3.400000000000000000e+01
1.690000000000000000e+02 2.230000000000000000e+02 3.100000000000000000e+01
1.730000000000000000e+02 1.720000000000000000e+02 2.700000000000000000e+01
1.710000000000000000e+02 1.600000000000000000e+02 2.900000000000000000e+01
1.800000000000000000e+02 1.780000000000000000e+03 2.000000000000000000e+01
1.610000000000000000e+02 1.606000000000000000e+03 3.900000000000000000e+01
1.610000000000000000e+02 1.482000000000000000e+03 3.900000000000000000e+01
1.720000000000000000e+02 3.230000000000000000e+02 2.800000000000000000e+01
1.680000000000000000e+02 2.890000000000000000e+02 3.200000000000000000e+01
1.620000000000000000e+02 2.440000000000000000e+02 3.800000000000000000e+01
1.680000000000000000e+02 3.320000000000000000e+02 3.200000000000000000e+01
1.600000000000000000e+02 2.560000000000000000e+02 4.000000000000000000e+01
1.640000000000000000e+02 2.240000000000000000e+02 3.600000000000000000e+01
