200 6424 0
200 5153 0
200 4311 0
200 3707 0
200 2981 0
200 2585 0
200 0 0
200 0 0
200 0 0
200 6379 0
200 5146 0
200 4314 0
200 3785 0
200 2988 0
200 2572 0
200 0 0
200 0 0
200 0 0
200 6394 0
200 5103 0
200 4328 0
200 3728 0
200 3016 0
200 2533 0
200 13 0
200 9 0
200 6 0
200 6511 0
200 5125 0
200 4328 0
200 3763 0
200 3054 0
200 2552 0
200 39 0
200 36 0
200 32 0
200 6408 0
200 5194 0
200 4317 0
200 3796 0
200 3035 0
200 2582 0
200 89 0
200 87 0
200 88 0
199 6425 1
199 5188 1
200 4317 0
199 3767 1
200 3059 0
200 2638 0
200 148 0
198 129 2
200 126 0
197 6447 3
198 5125 2
194 4338 6
196 3798 4
197 3133 3
195 2629 5
199 237 1
199 206 1
198 197 2
190 6489 10
186 5181 14
192 4329 8
197 3873 3
189 3100 11
191 2691 9
198 416 2
192 360 8
186 344 14
191 6506 9
178 5200 22
183 4378 17
189 4004 11
184 3239 16
180 2775 20
193 667 7
185 582 15
175 563 25
177 6563 23
177 5221 23
172 4408 28
178 4144 22
181 3351 19
180 2843 20
185 961 15
175 848 25
177 776 23
178 6629 22
170 5285 30
165 4457 35
182 4306 18
167 3429 33
165 2918 35
167 1310 33
160 1139 40
153 987 47
200 4231 0
200 3607 0
200 3091 0
200 1705 0
200 1405 0
200 1224 0
200 0 0
200 0 0
200 0 0
200 4261 0
200 3578 0
200 3162 0
200 1712 0
200 1403 0
200 1280 0
200 0 0
200 0 0
200 0 0
200 4266 0
200 3589 0
200 3097 0
200 1689 0
200 1445 0
200 1201 0
200 0 0
200 0 0
200 0 0
200 4299 0
200 3555 0
200 3158 0
200 1712 0
200 1435 0
200 1258 0
200 0 0
200 0 0
200 0 0
200 4250 0
200 3577 0
200 3123 0
200 1735 0
200 1451 0
200 1276 0
200 0 0
200 0 0
200 0 0
200 4289 0
199 3560 1
200 3143 0
200 1709 0
199 1459 1
200 1264 0
199 4 1
200 11 0
200 12 0
199 4240 1
200 3619 0
197 3190 3
196 1765 4
200 1498 0
195 1316 5
197 54 3
194 47 6
197 43 3
195 4374 5
192 3650 8
190 3243 10
194 1874 6
194 1575 6
188 1392 12
197 129 3
187 122 13
188 118 12
189 4374 11
187 3622 13
189 3182 11
189 1980 11
173 1712 27
173 1480 27
192 277 8
186 261 14
184 242 16
182 4463 18
180 3740 20
166 3266 34
178 2159 22
171 1823 29
170 1586 30
178 505 22
177 426 23
174 384 26
168 4490 32
171 3760 29
162 3241 38
174 2211 26
161 1941 39
167 1697 33
173 701 27
169 597 31
166 504 34
200 1420 0
200 1305 0
200 1204 0
200 0 0
200 0 0
200 0 0
200 0 0
200 0 0
200 0 0
200 1470 0
200 1289 0
200 1282 0
200 0 0
200 0 0
200 0 0
200 0 0
200 0 0
200 0 0
200 1546 0
200 1311 0
200 1323 0
200 0 0
200 0 0
200 0 0
200 0 0
200 0 0
200 0 0
200 1472 0
200 1333 0
200 1255 0
200 0 0
200 0 0
200 0 0
200 0 0
200 0 0
200 0 0
200 1528 0
200 1303 0
200 1318 0
200 1 0
200 0 0
200 0 0
200 1 0
200 0 0
200 0 0
199 1583 1
200 1399 0
198 1275 2
200 4 0
198 7 2
199 8 1
200 5 0
200 4 0
200 2 0
196 1535 4
198 1378 2
197 1326 3
196 25 4
198 23 2
198 9 2
198 20 2
199 22 1
194 18 6
192 1603 8
185 1466 15
194 1364 6
191 76 9
191 64 9
194 45 6
191 65 9
186 61 14
194 38 6
185 1641 15
179 1503 21
184 1335 16
195 132 5
190 110 10
174 110 26
192 132 8
173 114 27
181 89 19
181 1639 19
172 1548 28
174 1410 26
175 256 25
169 211 31
167 171 33
183 237 17
180 164 20
174 148 26
177 1815 23
169 1566 31
166 1474 34
174 356 26
167 286 33
169 246 31
177 321 23
168 244 32
172 208 28
