3 0.1 50 10  36 472   4
3 0.1 50 15  32 450   8
3 0.1 50 20  37 380   3
3 0.1 100 10  35 320   5
3 0.1 100 15  35 251   5
3 0.1 100 20  37 203   3
3 0.1 200 10  34 246   6
3 0.1 200 15  39 178   1
3 0.1 200 20  38 141   2
3 0.15 50 10  32 474   8
3 0.15 50 15  28 468  12
3 0.15 50 20  28 410  12
3 0.15 100 10  36 335   4
3 0.15 100 15  38 245   2
3 0.15 100 20  36 229   4
3 0.15 200 10  37 319   3
3 0.15 200 15  40 219   0
3 0.15 200 20  37 165   3
3 0.2 50 10  24 496  16
3 0.2 50 15  30 468  10
3 0.2 50 20  26 429  14
3 0.2 100 10  37 344   3
3 0.2 100 15  37 246   3
3 0.2 100 20  40 211   0
3 0.2 200 10  34 336   6
3 0.2 200 15  39 227   1
3 0.2 200 20  36 170   4
3 0.25 50 10  22 519  18
3 0.25 50 15  13 495  27
3 0.25 50 20  21 447  19
3 0.25 100 10  33 312   7
3 0.25 100 15  35 254   5
3 0.25 100 20  39 211   1
3 0.25 200 10  38 342   2
3 0.25 200 15  38 234   2
3 0.25 200 20  37 178   3
3 0.3 50 10  13 514  27
3 0.3 50 15  18 485  22
3 0.3 50 20  22 457  18
3 0.3 100 10  38 327   2
3 0.3 100 15  37 238   3
3 0.3 100 20  34 230   6
3 0.3 200 10  36 333   4
3 0.3 200 15  38 237   2
3 0.3 200 20  33 175   7
3 0.35 50 10  12 535  28
3 0.35 50 15  18 493  22
3 0.35 50 20  21 464  19
3 0.35 100 10  35 323   5
3 0.35 100 15  33 278   7
3 0.35 100 20  33 223   7
3 0.35 200 10  36 339   4
3 0.35 200 15  36 235   4
3 0.35 200 20  34 171   6
3 0.4 50 10   7 538  33
3 0.4 50 15  14 497  26
3 0.4 50 20  13 456  27
3 0.4 100 10  27 334  13
3 0.4 100 15  28 270  12
3 0.4 100 20  29 225  11
3 0.4 200 10  38 325   2
3 0.4 200 15  32 222   8
3 0.4 200 20  39 165   1
3 0.45 50 10   8 531  32
3 0.45 50 15  14 508  26
3 0.45 50 20  11 469  29
3 0.45 100 10  27 334  13
3 0.45 100 15  32 275   8
3 0.45 100 20  32 245   8
3 0.45 200 10  35 317   5
3 0.45 200 15  40 220   0
3 0.45 200 20  39 165   1
3 0.5 50 10  11 514  29
3 0.5 50 15  11 487  29
3 0.5 50 20  17 464  23
3 0.5 100 10  22 341  18
3 0.5 100 15  26 266  14
3 0.5 100 20  25 237  15
3 0.5 200 10  39 311   1
3 0.5 200 15  37 213   3
3 0.5 200 20  38 158   2
3 0.55 50 10  10 538  30
3 0.55 50 15   9 514  31
3 0.55 50 20  14 481  26
3 0.55 100 10  23 331  17
3 0.55 100 15  22 244  18
3 0.55 100 20  23 252  17
3 0.55 200 10  39 288   1
3 0.55 200 15  34 208   6
3 0.55 200 20  38 158   2
3 0.6 50 10   3 538  37
3 0.6 50 15   9 512  31
3 0.6 50 20  16 468  24
3 0.6 100 10  18 341  22
3 0.6 100 15  24 278  16
3 0.6 100 20  23 250  17
3 0.6 200 10  34 291   6
3 0.6 200 15  33 199   7
3 0.6 200 20  38 159   2
5 0.1 50 10 22 76 18
5 0.1 50 15 34 66  6
5 0.1 50 20 30 51 10
5 0.1 100 10  36 183   4
5 0.1 100 15  34 123   6
5 0.1 100 20 36 88  4
5 0.1 200 10  37 186   3
5 0.1 200 15  37 138   3
5 0.1 200 20 35 98  5
5 0.15 50 10 15 62 25
5 0.15 50 15 17 57 23
5 0.15 50 20 24 54 16
5 0.15 100 10  36 155   4
5 0.15 100 15  36 110   4
5 0.15 100 20 40 79  0
5 0.15 200 10  35 230   5
5 0.15 200 15  39 157   1
5 0.15 200 20  38 118   2
5 0.2 50 10 12 69 28
5 0.2 50 15 14 50 26
5 0.2 50 20 14 48 26
5 0.2 100 10  33 130   7
5 0.2 100 15 37 86  3
5 0.2 100 20 35 59  5
5 0.2 200 10  37 237   3
5 0.2 200 15  40 156   0
5 0.2 200 20  39 117   1
5 0.25 50 10  8 71 32
5 0.25 50 15  8 63 32
5 0.25 50 20 10 53 30
5 0.25 100 10 28 91 12
5 0.25 100 15 30 73 10
5 0.25 100 20 35 40  5
5 0.25 200 10  36 230   4
5 0.25 200 15  37 152   3
5 0.25 200 20  38 116   2
5 0.3 50 10  2 59 38
5 0.3 50 15  9 67 31
5 0.3 50 20  7 51 33
5 0.3 100 10 33 82  7
5 0.3 100 15 28 64 12
5 0.3 100 20 28 52 12
5 0.3 200 10  40 225   0
5 0.3 200 15  40 152   0
5 0.3 200 20  38 108   2
5 0.35 50 10  1 74 39
5 0.35 50 15  5 65 35
5 0.35 50 20  4 51 36
5 0.35 100 10 22 58 18
5 0.35 100 15 28 42 12
5 0.35 100 20 24 35 16
5 0.35 200 10  37 213   3
5 0.35 200 15  35 154   5
5 0.35 200 20  38 100   2
5 0.4 50 10  4 66 36
5 0.4 50 15  6 62 34
5 0.4 50 20  4 77 36
5 0.4 100 10 20 63 20
5 0.4 100 15 19 38 21
5 0.4 100 20 27 23 13
5 0.4 200 10  34 204   6
5 0.4 200 15  33 133   7
5 0.4 200 20 37 95  3
5 0.45 50 10  3 60 37
5 0.45 50 15  3 52 37
5 0.45 50 20  3 65 37
5 0.45 100 10 14 42 26
5 0.45 100 15 13 47 27
5 0.45 100 20 13 34 27
5 0.45 200 10  35 198   5
5 0.45 200 15  35 114   5
5 0.45 200 20 36 96  4
5 0.5 50 10  3 68 37
5 0.5 50 15  5 79 35
5 0.5 50 20  6 57 34
5 0.5 100 10 13 36 27
5 0.5 100 15  7 32 33
5 0.5 100 20 11 33 29
5 0.5 200 10  30 142  10
5 0.5 200 15  35 120   5
5 0.5 200 20 30 82 10
5 0.55 50 10  2 72 38
5 0.55 50 15  8 63 32
5 0.55 50 20  2 64 38
5 0.55 100 10 10 38 30
5 0.55 100 15 11 32 29
5 0.55 100 20 12 26 28
5 0.55 200 10  27 142  13
5 0.55 200 15  36 113   4
5 0.55 200 20 32 72  8
5 0.6 50 10  3 78 37
5 0.6 50 15  0 70 40
5 0.6 50 20  1 69 39
5 0.6 100 10  9 42 31
5 0.6 100 15  7 29 33
5 0.6 100 20  8 22 32
5 0.6 200 10  28 135  12
5 0.6 200 15 31 93  9
5 0.6 200 20 30 74 10
7 0.1 50 10 22 17 18
7 0.1 50 15 27  9 13
7 0.1 50 20 25  5 15
7 0.1 100 10  38 157   2
7 0.1 100 15  38 100   2
7 0.1 100 20 40 75  0
7 0.1 200 10  35 105   5
7 0.1 200 15 39 70  1
7 0.1 200 20 39 42  1
7 0.15 50 10  7 11 33
7 0.15 50 15  9  1 31
7 0.15 50 20 11  0 29
7 0.15 100 10  37 124   3
7 0.15 100 15 38 71  2
7 0.15 100 20 36 56  4
7 0.15 200 10  33 122   7
7 0.15 200 15 35 66  5
7 0.15 200 20 38 54  2
7 0.2 50 10  0  6 40
7 0.2 50 15  2  1 38
7 0.2 50 20  5  4 35
7 0.2 100 10 31 71  9
7 0.2 100 15 29 39 11
7 0.2 100 20 31 36  9
7 0.2 200 10  30 106  10
7 0.2 200 15 31 80  9
7 0.2 200 20 34 56  6
7 0.25 50 10  1  2 39
7 0.25 50 15  2  6 38
7 0.25 50 20  3  3 37
7 0.25 100 10 25 44 15
7 0.25 100 15 27 29 13
7 0.25 100 20 25 32 15
7 0.25 200 10  27 106  13
7 0.25 200 15 30 67 10
7 0.25 200 20 35 57  5
7 0.3 50 10  1  2 39
7 0.3 50 15  2  2 38
7 0.3 50 20  3  0 37
7 0.3 100 10 16 22 24
7 0.3 100 15 22 21 18
7 0.3 100 20 15 14 25
7 0.3 200 10  28 102  12
7 0.3 200 15 26 53 14
7 0.3 200 20 30 55 10
7 0.35 50 10  2  2 38
7 0.35 50 15  1  6 39
7 0.35 50 20  0  1 40
7 0.35 100 10  9 13 31
7 0.35 100 15 17 12 23
7 0.35 100 20 11  8 29
7 0.35 200 10  28 104  12
7 0.35 200 15 30 67 10
7 0.35 200 20 26 49 14
7 0.4 50 10  1  3 39
7 0.4 50 15  0  5 40
7 0.4 50 20  1  4 39
7 0.4 100 10  4 11 36
7 0.4 100 15  6  6 34
7 0.4 100 20  6  5 34
7 0.4 200 10 24 79 16
7 0.4 200 15 23 63 17
7 0.4 200 20 23 40 17
7 0.45 50 10  0  6 40
7 0.45 50 15  0  1 40
7 0.45 50 20  1  2 39
7 0.45 100 10  5 10 35
7 0.45 100 15  0  5 40
7 0.45 100 20  6  6 34
7 0.45 200 10 22 70 18
7 0.45 200 15 21 61 19
7 0.45 200 20 18 33 22
7 0.5 50 10  0  3 40
7 0.5 50 15  0  6 40
7 0.5 50 20  0  3 40
7 0.5 100 10  4  8 36
7 0.5 100 15  5  4 35
7 0.5 100 20  5  1 35
7 0.5 200 10 14 65 26
7 0.5 200 15 16 38 24
7 0.5 200 20 23 35 17
7 0.55 50 10  0  1 40
7 0.55 50 15  0  5 40
7 0.55 50 20  0  8 40
7 0.55 100 10  2  3 38
7 0.55 100 15  2  2 38
7 0.55 100 20  2  2 38
7 0.55 200 10 20 75 20
7 0.55 200 15 17 28 23
7 0.55 200 20 16 25 24
7 0.6 50 10  0  8 40
7 0.6 50 15  0  7 40
7 0.6 50 20  1  3 39
7 0.6 100 10  2  1 38
7 0.6 100 15  3  2 37
7 0.6 100 20  3  3 37
7 0.6 200 10 13 37 27
7 0.6 200 15 13 30 27
7 0.6 200 20 18 28 22
9 0.1 50 10  9  3 31
9 0.1 50 15 13  1 27
9 0.1 50 20 12  0 28
9 0.1 100 10  38 121   2
9 0.1 100 15 34 93  6
9 0.1 100 20 38 59  2
9 0.1 200 10  0  0 40
9 0.1 200 15  1  0 39
9 0.1 200 20  3  0 37
9 0.15 50 10  3  1 37
9 0.15 50 15  4  1 36
9 0.15 50 20  2  0 38
9 0.15 100 10 30 86 10
9 0.15 100 15 37 47  3
9 0.15 100 20 33 30  7
9 0.15 200 10  4  4 36
9 0.15 200 15  6  2 34
9 0.15 200 20  3  2 37
9 0.2 50 10  0  0 40
9 0.2 50 15  1  0 39
9 0.2 50 20  1  0 39
9 0.2 100 10 19 34 21
9 0.2 100 15 20 19 20
9 0.2 100 20 27 17 13
9 0.2 200 10  6  9 34
9 0.2 200 15  8  8 32
9 0.2 200 20  6  5 34
9 0.25 50 10  0  0 40
9 0.25 50 15  0  0 40
9 0.25 50 20  0  0 40
9 0.25 100 10 17 11 23
9 0.25 100 15 11 13 29
9 0.25 100 20 13  9 27
9 0.25 200 10 10 18 30
9 0.25 200 15 11 12 29
9 0.25 200 20  7  5 33
9 0.3 50 10  0  0 40
9 0.3 50 15  1  0 39
9 0.3 50 20  0  0 40
9 0.3 100 10  5  9 35
9 0.3 100 15  4  4 36
9 0.3 100 20  7  5 33
9 0.3 200 10  7 16 33
9 0.3 200 15 11 18 29
9 0.3 200 20 15 11 25
9 0.35 50 10  0  0 40
9 0.35 50 15  0  0 40
9 0.35 50 20  0  0 40
9 0.35 100 10  2  2 38
9 0.35 100 15  4  2 36
9 0.35 100 20  2  5 38
9 0.35 200 10 12 27 28
9 0.35 200 15  9 11 31
9 0.35 200 20  8  6 32
9 0.4 50 10  0  0 40
9 0.4 50 15  0  0 40
9 0.4 50 20  0  0 40
9 0.4 100 10  1  3 39
9 0.4 100 15  3  3 37
9 0.4 100 20  1  0 39
9 0.4 200 10  6 13 34
9 0.4 200 15  7  8 33
9 0.4 200 20  3  9 37
9 0.45 50 10  0  0 40
9 0.45 50 15  0  0 40
9 0.45 50 20  0  0 40
9 0.45 100 10  0  0 40
9 0.45 100 15  1  0 39
9 0.45 100 20  2  1 38
9 0.45 200 10  7 22 33
9 0.45 200 15  4  8 36
9 0.45 200 20  6  8 34
9 0.5 50 10  0  0 40
9 0.5 50 15  0  0 40
9 0.5 50 20  0  0 40
9 0.5 100 10  1  0 39
9 0.5 100 15  1  0 39
9 0.5 100 20  1  1 39
9 0.5 200 10  9 12 31
9 0.5 200 15  9 15 31
9 0.5 200 20  7  5 33
9 0.55 50 10  0  0 40
9 0.55 50 15  0  0 40
9 0.55 50 20  0  0 40
9 0.55 100 10  0  2 40
9 0.55 100 15  0  0 40
9 0.55 100 20  0  0 40
9 0.55 200 10  4 20 36
9 0.55 200 15  6  9 34
9 0.55 200 20  8  7 32
9 0.6 50 10  0  0 40
9 0.6 50 15  0  0 40
9 0.6 50 20  0  0 40
9 0.6 100 10  0  1 40
9 0.6 100 15  0  0 40
9 0.6 100 20  0  0 40
9 0.6 200 10  3  4 37
9 0.6 200 15  3  5 37
9 0.6 200 20  3  2 37
11 0.1 50 10  3  2 37
11 0.1 50 15  5  0 35
11 0.1 50 20  3  0 37
11 0.1 100 10  37 110   3
11 0.1 100 15 37 71  3
11 0.1 100 20 40 46  0
11 0.1 200 10  0  0 40
11 0.1 200 15  0  0 40
11 0.1 200 20  0  0 40
11 0.15 50 10  1  0 39
11 0.15 50 15  1  0 39
11 0.15 50 20  0  0 40
11 0.15 100 10 25 42 15
11 0.15 100 15 29 21 11
11 0.15 100 20 28 20 12
11 0.15 200 10  0  0 40
11 0.15 200 15  0  0 40
11 0.15 200 20  0  0 40
11 0.2 50 10  1  0 39
11 0.2 50 15  0  0 40
11 0.2 50 20  0  0 40
11 0.2 100 10  5  5 35
11 0.2 100 15 12  9 28
11 0.2 100 20 18  6 22
11 0.2 200 10  0  0 40
11 0.2 200 15  0  0 40
11 0.2 200 20  0  0 40
11 0.25 50 10  0  0 40
11 0.25 50 15  0  0 40
11 0.25 50 20  0  0 40
11 0.25 100 10  0  5 40
11 0.25 100 15  3  6 37
11 0.25 100 20  2  0 38
11 0.25 200 10  1  2 39
11 0.25 200 15  0  0 40
11 0.25 200 20  0  0 40
11 0.3 50 10  0  0 40
11 0.3 50 15  0  0 40
11 0.3 50 20  0  0 40
11 0.3 100 10  1  1 39
11 0.3 100 15  4  2 36
11 0.3 100 20  1  0 39
11 0.3 200 10  3  1 37
11 0.3 200 15  0  0 40
11 0.3 200 20  1  0 39
11 0.35 50 10  0  0 40
11 0.35 50 15  0  0 40
11 0.35 50 20  0  0 40
11 0.35 100 10  0  2 40
11 0.35 100 15  1  0 39
11 0.35 100 20  0  1 40
11 0.35 200 10  0  1 40
11 0.35 200 15  0  1 40
11 0.35 200 20  4  4 36
11 0.4 50 10  0  0 40
11 0.4 50 15  0  0 40
11 0.4 50 20  0  0 40
11 0.4 100 10  0  0 40
11 0.4 100 15  1  0 39
11 0.4 100 20  0  1 40
11 0.4 200 10  1  2 39
11 0.4 200 15  2  4 38
11 0.4 200 20  0  0 40
11 0.45 50 10  0  0 40
11 0.45 50 15  0  0 40
11 0.45 50 20  0  0 40
11 0.45 100 10  1  0 39
11 0.45 100 15  0  0 40
11 0.45 100 20  0  1 40
11 0.45 200 10  1  1 39
11 0.45 200 15  2  1 38
11 0.45 200 20  2  2 38
11 0.5 50 10  0  0 40
11 0.5 50 15  0  0 40
11 0.5 50 20  0  0 40
11 0.5 100 10  0  0 40
11 0.5 100 15  0  0 40
11 0.5 100 20  0  0 40
11 0.5 200 10  2  1 38
11 0.5 200 15  2  4 38
11 0.5 200 20  1  0 39
11 0.55 50 10  0  0 40
11 0.55 50 15  0  0 40
11 0.55 50 20  0  0 40
11 0.55 100 10  0  0 40
11 0.55 100 15  0  0 40
11 0.55 100 20  0  0 40
11 0.55 200 10  1  2 39
11 0.55 200 15  0  1 40
11 0.55 200 20  1  0 39
11 0.6 50 10  0  0 40
11 0.6 50 15  0  0 40
11 0.6 50 20  0  0 40
11 0.6 100 10  0  0 40
11 0.6 100 15  0  0 40
11 0.6 100 20  0  0 40
11 0.6 200 10  2  2 38
11 0.6 200 15  1  0 39
11 0.6 200 20  1  0 39
15 0.1 50 10  0  0 40
15 0.1 50 15  0  0 40
15 0.1 50 20  0  0 40
15 0.1 100 10 30 56 10
15 0.1 100 15 34 31  6
15 0.1 100 20 32 28  8
15 0.1 200 10  0  0 40
15 0.1 200 15  0  0 40
15 0.1 200 20  0  0 40
15 0.15 50 10  0  0 40
15 0.15 50 15  0  0 40
15 0.15 50 20  0  0 40
15 0.15 100 10  5  8 35
15 0.15 100 15  7  4 33
15 0.15 100 20  6  2 34
15 0.15 200 10  0  0 40
15 0.15 200 15  0  0 40
15 0.15 200 20  0  0 40
15 0.2 50 10  0  0 40
15 0.2 50 15  0  0 40
15 0.2 50 20  0  0 40
15 0.2 100 10  1  0 39
15 0.2 100 15  1  0 39
15 0.2 100 20  1  0 39
15 0.2 200 10  0  0 40
15 0.2 200 15  0  0 40
15 0.2 200 20  0  0 40
15 0.25 50 10  0  0 40
15 0.25 50 15  0  0 40
15 0.25 50 20  0  0 40
15 0.25 100 10  0  0 40
15 0.25 100 15  0  0 40
15 0.25 100 20  0  0 40
15 0.25 200 10  0  0 40
15 0.25 200 15  0  0 40
15 0.25 200 20  0  0 40
15 0.3 50 10  0  0 40
15 0.3 50 15  0  0 40
15 0.3 50 20  0  0 40
15 0.3 100 10  0  0 40
15 0.3 100 15  0  0 40
15 0.3 100 20  0  0 40
15 0.3 200 10  0  0 40
15 0.3 200 15  0  0 40
15 0.3 200 20  0  0 40
15 0.35 50 10  0  0 40
15 0.35 50 15  0  0 40
15 0.35 50 20  0  0 40
15 0.35 100 10  0  0 40
15 0.35 100 15  0  0 40
15 0.35 100 20  0  0 40
15 0.35 200 10  0  0 40
15 0.35 200 15  0  0 40
15 0.35 200 20  0  0 40
15 0.4 50 10  0  0 40
15 0.4 50 15  0  0 40
15 0.4 50 20  0  0 40
15 0.4 100 10  0  0 40
15 0.4 100 15  0  0 40
15 0.4 100 20  0  0 40
15 0.4 200 10  0  0 40
15 0.4 200 15  0  0 40
15 0.4 200 20  0  0 40
15 0.45 50 10  0  0 40
15 0.45 50 15  0  0 40
15 0.45 50 20  0  0 40
15 0.45 100 10  0  0 40
15 0.45 100 15  0  0 40
15 0.45 100 20  0  0 40
15 0.45 200 10  0  0 40
15 0.45 200 15  0  0 40
15 0.45 200 20  0  0 40
15 0.5 50 10  0  0 40
15 0.5 50 15  0  0 40
15 0.5 50 20  0  0 40
15 0.5 100 10  0  0 40
15 0.5 100 15  0  0 40
15 0.5 100 20  0  0 40
15 0.5 200 10  0  0 40
15 0.5 200 15  0  0 40
15 0.5 200 20  0  0 40
15 0.55 50 10  0  0 40
15 0.55 50 15  0  0 40
15 0.55 50 20  0  0 40
15 0.55 100 10  0  0 40
15 0.55 100 15  0  0 40
15 0.55 100 20  0  0 40
15 0.55 200 10  0  0 40
15 0.55 200 15  0  0 40
15 0.55 200 20  0  0 40
15 0.6 50 10  0  0 40
15 0.6 50 15  0  0 40
15 0.6 50 20  0  0 40
15 0.6 100 10  0  0 40
15 0.6 100 15  0  0 40
15 0.6 100 20  0  0 40
15 0.6 200 10  0  0 40
15 0.6 200 15  0  0 40
15 0.6 200 20  0  0 40
20 0.1 50 10  0  0 40
20 0.1 50 15  0  0 40
20 0.1 50 20  0  0 40
20 0.1 100 10 12  5 28
20 0.1 100 15 11 12 29
20 0.1 100 20 13  0 27
20 0.1 200 10  0  0 40
20 0.1 200 15  0  0 40
20 0.1 200 20  0  0 40
20 0.15 50 10  0  0 40
20 0.15 50 15  0  0 40
20 0.15 50 20  0  0 40
20 0.15 100 10  0  0 40
20 0.15 100 15  0  0 40
20 0.15 100 20  1  0 39
20 0.15 200 10  0  0 40
20 0.15 200 15  0  0 40
20 0.15 200 20  0  0 40
20 0.2 50 10  0  0 40
20 0.2 50 15  0  0 40
20 0.2 50 20  0  0 40
20 0.2 100 10  0  0 40
20 0.2 100 15  0  0 40
20 0.2 100 20  0  0 40
20 0.2 200 10  0  0 40
20 0.2 200 15  0  0 40
20 0.2 200 20  0  0 40
20 0.25 50 10  0  0 40
20 0.25 50 15  0  0 40
20 0.25 50 20  0  0 40
20 0.25 100 10  0  0 40
20 0.25 100 15  0  0 40
20 0.25 100 20  0  0 40
20 0.25 200 10  0  0 40
20 0.25 200 15  0  0 40
20 0.25 200 20  0  0 40
20 0.3 50 10  0  0 40
20 0.3 50 15  0  0 40
20 0.3 50 20  0  0 40
20 0.3 100 10  0  0 40
20 0.3 100 15  0  0 40
20 0.3 100 20  0  0 40
20 0.3 200 10  0  0 40
20 0.3 200 15  0  0 40
20 0.3 200 20  0  0 40
20 0.35 50 10  0  0 40
20 0.35 50 15  0  0 40
20 0.35 50 20  0  0 40
20 0.35 100 10  0  0 40
20 0.35 100 15  0  0 40
20 0.35 100 20  0  0 40
20 0.35 200 10  0  0 40
20 0.35 200 15  0  0 40
20 0.35 200 20  0  0 40
20 0.4 50 10  0  0 40
20 0.4 50 15  0  0 40
20 0.4 50 20  0  0 40
20 0.4 100 10  0  0 40
20 0.4 100 15  0  0 40
20 0.4 100 20  0  0 40
20 0.4 200 10  0  0 40
20 0.4 200 15  0  0 40
20 0.4 200 20  0  0 40
20 0.45 50 10  0  0 40
20 0.45 50 15  0  0 40
20 0.45 50 20  0  0 40
20 0.45 100 10  0  0 40
20 0.45 100 15  0  0 40
20 0.45 100 20  0  0 40
20 0.45 200 10  0  0 40
20 0.45 200 15  0  0 40
20 0.45 200 20  0  0 40
20 0.5 50 10  0  0 40
20 0.5 50 15  0  0 40
20 0.5 50 20  0  0 40
20 0.5 100 10  0  0 40
20 0.5 100 15  0  0 40
20 0.5 100 20  0  0 40
20 0.5 200 10  0  0 40
20 0.5 200 15  0  0 40
20 0.5 200 20  0  0 40
20 0.55 50 10  0  0 40
20 0.55 50 15  0  0 40
20 0.55 50 20  0  0 40
20 0.55 100 10  0  0 40
20 0.55 100 15  0  0 40
20 0.55 100 20  0  0 40
20 0.55 200 10  0  0 40
20 0.55 200 15  0  0 40
20 0.55 200 20  0  0 40
20 0.6 50 10  0  0 40
20 0.6 50 15  0  0 40
20 0.6 50 20  0  0 40
20 0.6 100 10  0  0 40
20 0.6 100 15  0  0 40
20 0.6 100 20  0  0 40
20 0.6 200 10  0  0 40
20 0.6 200 15  0  0 40
20 0.6 200 20  0  0 40