3 0.1 50 10  51 733   9
3 0.1 50 15  54 649   6
3 0.1 50 20  52 577   8
3 0.1 100 10  53 472   7
3 0.1 100 15  57 363   3
3 0.1 100 20  55 311   5
3 0.1 200 10  54 384   6
3 0.1 200 15  55 268   5
3 0.1 200 20  59 211   1
3 0.15 50 10  42 725  18
3 0.15 50 15  45 692  15
3 0.15 50 20  41 646  19
3 0.15 100 10  57 489   3
3 0.15 100 15  54 385   6
3 0.15 100 20  55 334   5
3 0.15 200 10  49 471  11
3 0.15 200 15  58 329   2
3 0.15 200 20  55 259   5
3 0.2 50 10  32 771  28
3 0.2 50 15  37 689  23
3 0.2 50 20  41 651  19
3 0.2 100 10  51 489   9
3 0.2 100 15  53 388   7
3 0.2 100 20  55 320   5
3 0.2 200 10  54 506   6
3 0.2 200 15  54 355   6
3 0.2 200 20  56 267   4
3 0.25 50 10  27 771  33
3 0.25 50 15  31 716  29
3 0.25 50 20  29 667  31
3 0.25 100 10  54 501   6
3 0.25 100 15  55 383   5
3 0.25 100 20  58 331   2
3 0.25 200 10  55 511   5
3 0.25 200 15  58 356   2
3 0.25 200 20  58 260   2
3 0.3 50 10  25 772  35
3 0.3 50 15  30 724  30
3 0.3 50 20  33 691  27
3 0.3 100 10  49 475  11
3 0.3 100 15  53 385   7
3 0.3 100 20  54 351   6
3 0.3 200 10  57 492   3
3 0.3 200 15  59 348   1
3 0.3 200 20  56 260   4
3 0.35 50 10  13 750  47
3 0.35 50 15  29 752  31
3 0.35 50 20  31 682  29
3 0.35 100 10  45 478  15
3 0.35 100 15  51 402   9
3 0.35 100 20  51 347   9
3 0.35 200 10  57 499   3
3 0.35 200 15  59 334   1
3 0.35 200 20  57 253   3
3 0.4 50 10  15 795  45
3 0.4 50 15  23 722  37
3 0.4 50 20  30 682  30
3 0.4 100 10  37 497  23
3 0.4 100 15  49 388  11
3 0.4 100 20  44 347  16
3 0.4 200 10  57 480   3
3 0.4 200 15  58 333   2
3 0.4 200 20  56 247   4
3 0.45 50 10  10 788  50
3 0.45 50 15  22 728  38
3 0.45 50 20  24 671  36
3 0.45 100 10  38 478  22
3 0.45 100 15  37 391  23
3 0.45 100 20  40 339  20
3 0.45 200 10  52 488   8
3 0.45 200 15  53 322   7
3 0.45 200 20  57 252   3
3 0.5 50 10  14 788  46
3 0.5 50 15  17 771  43
3 0.5 50 20  21 707  39
3 0.5 100 10  27 500  33
3 0.5 100 15  35 422  25
3 0.5 100 20  37 356  23
3 0.5 200 10  54 457   6
3 0.5 200 15  58 315   2
3 0.5 200 20  56 232   4
3 0.55 50 10   8 807  52
3 0.55 50 15  21 782  39
3 0.55 50 20  24 685  36
3 0.55 100 10  24 475  36
3 0.55 100 15  36 410  24
3 0.55 100 20  35 363  25
3 0.55 200 10  57 468   3
3 0.55 200 15  55 313   5
3 0.55 200 20  55 228   5
3 0.6 50 10  11 784  49
3 0.6 50 15  19 751  41
3 0.6 50 20  20 714  40
3 0.6 100 10  30 507  30
3 0.6 100 15  30 418  30
3 0.6 100 20  33 391  27
3 0.6 200 10  56 445   4
3 0.6 200 15  56 302   4
3 0.6 200 20  54 229   6
5 0.1 50 10  47 112  13
5 0.1 50 15 44 99 16
5 0.1 50 20 47 76 13
5 0.1 100 10  55 270   5
5 0.1 100 15  57 185   3
5 0.1 100 20  58 134   2
5 0.1 200 10  51 288   9
5 0.1 200 15  59 204   1
5 0.1 200 20  58 151   2
5 0.15 50 10 30 84 30
5 0.15 50 15 35 82 25
5 0.15 50 20 34 79 26
5 0.15 100 10  55 236   5
5 0.15 100 15  58 155   2
5 0.15 100 20  59 121   1
5 0.15 200 10  53 344   7
5 0.15 200 15  58 233   2
5 0.15 200 20  55 179   5
5 0.2 50 10 11 82 49
5 0.2 50 15 13 91 47
5 0.2 50 20 21 86 39
5 0.2 100 10  55 197   5
5 0.2 100 15  57 127   3
5 0.2 100 20 54 91  6
5 0.2 200 10  57 344   3
5 0.2 200 15  59 239   1
5 0.2 200 20  56 179   4
5 0.25 50 10  16 104  44
5 0.25 50 15 15 95 45
5 0.25 50 20 21 75 39
5 0.25 100 10  48 162  12
5 0.25 100 15 43 99 17
5 0.25 100 20 47 74 13
5 0.25 200 10  58 344   2
5 0.25 200 15  58 228   2
5 0.25 200 20  56 177   4
5 0.3 50 10   4 112  56
5 0.3 50 15 13 93 47
5 0.3 50 20 12 87 48
5 0.3 100 10  34 125  26
5 0.3 100 15 51 95  9
5 0.3 100 20 42 50 18
5 0.3 200 10  53 332   7
5 0.3 200 15  56 227   4
5 0.3 200 20  57 165   3
5 0.35 50 10   3 112  57
5 0.35 50 15  8 85 52
5 0.35 50 20  7 99 53
5 0.35 100 10 36 88 24
5 0.35 100 15 37 62 23
5 0.35 100 20 34 58 26
5 0.35 200 10  53 318   7
5 0.35 200 15  55 200   5
5 0.35 200 20  55 166   5
5 0.4 50 10  7 86 53
5 0.4 50 15 10 84 50
5 0.4 50 20  6 94 54
5 0.4 100 10 26 82 34
5 0.4 100 15 25 67 35
5 0.4 100 20 32 52 28
5 0.4 200 10  54 301   6
5 0.4 200 15  50 201  10
5 0.4 200 20  55 158   5
5 0.45 50 10   6 104  54
5 0.45 50 15  3 86 57
5 0.45 50 20   5 107  55
5 0.45 100 10 24 93 36
5 0.45 100 15 19 51 41
5 0.45 100 20 23 51 37
5 0.45 200 10  53 280   7
5 0.45 200 15  51 189   9
5 0.45 200 20  53 140   7
5 0.5 50 10  4 82 56
5 0.5 50 15  3 96 57
5 0.5 50 20   8 111  52
5 0.5 100 10 10 70 50
5 0.5 100 15 21 51 39
5 0.5 100 20 16 44 44
5 0.5 200 10  51 265   9
5 0.5 200 15  47 166  13
5 0.5 200 20  49 120  11
5 0.55 50 10  3 91 57
5 0.55 50 15  3 89 57
5 0.55 50 20  7 92 53
5 0.55 100 10 15 69 45
5 0.55 100 15 16 48 44
5 0.55 100 20 19 46 41
5 0.55 200 10  39 208  21
5 0.55 200 15  49 163  11
5 0.55 200 20  48 117  12
5 0.6 50 10  3 98 57
5 0.6 50 15   3 111  57
5 0.6 50 20  9 94 51
5 0.6 100 10 12 53 48
5 0.6 100 15 12 42 48
5 0.6 100 20 20 35 40
5 0.6 200 10  46 211  14
5 0.6 200 15  45 166  15
5 0.6 200 20  44 107  16
7 0.1 50 10 29 28 31
7 0.1 50 15 34 17 26
7 0.1 50 20 36  6 24
7 0.1 100 10  49 244  11
7 0.1 100 15  59 160   1
7 0.1 100 20  59 113   1
7 0.1 200 10  52 150   8
7 0.1 200 15  59 101   1
7 0.1 200 20 56 67  4
7 0.15 50 10 11 10 49
7 0.15 50 15  9  6 51
7 0.15 50 20 10  7 50
7 0.15 100 10  54 170   6
7 0.15 100 15  56 115   4
7 0.15 100 20 55 78  5
7 0.15 200 10  52 172   8
7 0.15 200 15  56 109   4
7 0.15 200 20 55 82  5
7 0.2 50 10  4  7 56
7 0.2 50 15  4  3 56
7 0.2 50 20  8  4 52
7 0.2 100 10  46 120  14
7 0.2 100 15 44 79 16
7 0.2 100 20 47 55 13
7 0.2 200 10  43 149  17
7 0.2 200 15  50 115  10
7 0.2 200 20 47 75 13
7 0.25 50 10  1  4 59
7 0.25 50 15  2  6 58
7 0.25 50 20  7  2 53
7 0.25 100 10 34 62 26
7 0.25 100 15 37 41 23
7 0.25 100 20 30 35 30
7 0.25 200 10  40 150  20
7 0.25 200 15  51 103   9
7 0.25 200 20 48 68 12
7 0.3 50 10  1  5 59
7 0.3 50 15  2  8 58
7 0.3 50 20  2  1 58
7 0.3 100 10 16 42 44
7 0.3 100 15 23 22 37
7 0.3 100 20 25 21 35
7 0.3 200 10  42 142  18
7 0.3 200 15  44 104  16
7 0.3 200 20 45 72 15
7 0.35 50 10  0  7 60
7 0.35 50 15  1  6 59
7 0.35 50 20  1  5 59
7 0.35 100 10 13 23 47
7 0.35 100 15 11 15 49
7 0.35 100 20 11  7 49
7 0.35 200 10  37 133  23
7 0.35 200 15  36 105  24
7 0.35 200 20 42 66 18
7 0.4 50 10  0  4 60
7 0.4 50 15  0  9 60
7 0.4 50 20  1  6 59
7 0.4 100 10  7 12 53
7 0.4 100 15 10 18 50
7 0.4 100 20 10  9 50
7 0.4 200 10  35 123  25
7 0.4 200 15 30 75 30
7 0.4 200 20 40 73 20
7 0.45 50 10  1  5 59
7 0.45 50 15  2  3 58
7 0.45 50 20  1  6 59
7 0.45 100 10  4 14 56
7 0.45 100 15  9  6 51
7 0.45 100 20 11  2 49
7 0.45 200 10  31 115  29
7 0.45 200 15 34 83 26
7 0.45 200 20 31 47 29
7 0.5 50 10  0  4 60
7 0.5 50 15  0  5 60
7 0.5 50 20  0  3 60
7 0.5 100 10  2  3 58
7 0.5 100 15  5  7 55
7 0.5 100 20  5  2 55
7 0.5 200 10 25 83 35
7 0.5 200 15 25 73 35
7 0.5 200 20 25 45 35
7 0.55 50 10  0  9 60
7 0.55 50 15  2 12 58
7 0.55 50 20  0  6 60
7 0.55 100 10  3  6 57
7 0.55 100 15  4  8 56
7 0.55 100 20  2  3 58
7 0.55 200 10 23 73 37
7 0.55 200 15 22 60 38
7 0.55 200 20 21 38 39
7 0.6 50 10  0  4 60
7 0.6 50 15  0  8 60
7 0.6 50 20  0  7 60
7 0.6 100 10  2  4 58
7 0.6 100 15  2  5 58
7 0.6 100 20  3  4 57
7 0.6 200 10 22 85 38
7 0.6 200 15 18 41 42
7 0.6 200 20 19 32 41
9 0.1 50 10 16  7 44
9 0.1 50 15 18  2 42
9 0.1 50 20 22  0 38
9 0.1 100 10  56 207   4
9 0.1 100 15  58 132   2
9 0.1 100 20 60 91  0
9 0.1 200 10  1  1 59
9 0.1 200 15  6  3 54
9 0.1 200 20  2  0 58
9 0.15 50 10  0  0 60
9 0.15 50 15  1  0 59
9 0.15 50 20  4  1 56
9 0.15 100 10  47 102  13
9 0.15 100 15 51 76  9
9 0.15 100 20 49 51 11
9 0.15 200 10  6  8 54
9 0.15 200 15 10  5 50
9 0.15 200 20  9  2 51
9 0.2 50 10  0  0 60
9 0.2 50 15  0  0 60
9 0.2 50 20  1  0 59
9 0.2 100 10 30 60 30
9 0.2 100 15 35 33 25
9 0.2 100 20 34 22 26
9 0.2 200 10 15 20 45
9 0.2 200 15 19 16 41
9 0.2 200 20 13 10 47
9 0.25 50 10  0  1 60
9 0.25 50 15  1  0 59
9 0.25 50 20  0  0 60
9 0.25 100 10 14 26 46
9 0.25 100 15 16 18 44
9 0.25 100 20 17 12 43
9 0.25 200 10 17 34 43
9 0.25 200 15 14 12 46
9 0.25 200 20  9  9 51
9 0.3 50 10  0  0 60
9 0.3 50 15  0  0 60
9 0.3 50 20  0  1 60
9 0.3 100 10  9  6 51
9 0.3 100 15  3  4 57
9 0.3 100 20  4  5 56
9 0.3 200 10 16 40 44
9 0.3 200 15 17 20 43
9 0.3 200 20 17 12 43
9 0.35 50 10  0  0 60
9 0.35 50 15  1  0 59
9 0.35 50 20  0  0 60
9 0.35 100 10  6  6 54
9 0.35 100 15  3  6 57
9 0.35 100 20  5  2 55
9 0.35 200 10 12 29 48
9 0.35 200 15 13 15 47
9 0.35 200 20 16 19 44
9 0.4 50 10  0  0 60
9 0.4 50 15  0  0 60
9 0.4 50 20  0  1 60
9 0.4 100 10  1  3 59
9 0.4 100 15  3  1 57
9 0.4 100 20  3  2 57
9 0.4 200 10 10 16 50
9 0.4 200 15 16 17 44
9 0.4 200 20 10 14 50
9 0.45 50 10  0  0 60
9 0.45 50 15  0  0 60
9 0.45 50 20  0  0 60
9 0.45 100 10  1  4 59
9 0.45 100 15  3  1 57
9 0.45 100 20  2  1 58
9 0.45 200 10  9 15 51
9 0.45 200 15 16 17 44
9 0.45 200 20 15 10 45
9 0.5 50 10  0  0 60
9 0.5 50 15  0  0 60
9 0.5 50 20  0  0 60
9 0.5 100 10  0  1 60
9 0.5 100 15  1  3 59
9 0.5 100 20  0  0 60
9 0.5 200 10  7 22 53
9 0.5 200 15  6  8 54
9 0.5 200 20 14 15 46
9 0.55 50 10  0  0 60
9 0.55 50 15  0  0 60
9 0.55 50 20  0  0 60
9 0.55 100 10  0  0 60
9 0.55 100 15  1  2 59
9 0.55 100 20  1  0 59
9 0.55 200 10 10 23 50
9 0.55 200 15  9 16 51
9 0.55 200 20  9  9 51
9 0.6 50 10  0  0 60
9 0.6 50 15  0  0 60
9 0.6 50 20  0  0 60
9 0.6 100 10  0  0 60
9 0.6 100 15  1  0 59
9 0.6 100 20  3  1 57
9 0.6 200 10  6 12 54
9 0.6 200 15  5 13 55
9 0.6 200 20 11  7 49
11 0.1 50 10  4  0 56
11 0.1 50 15  3  0 57
11 0.1 50 20  5  0 55
11 0.1 100 10  54 166   6
11 0.1 100 15  56 109   4
11 0.1 100 20 58 68  2
11 0.1 200 10  0  0 60
11 0.1 200 15  0  0 60
11 0.1 200 20  0  0 60
11 0.15 50 10  0  0 60
11 0.15 50 15  0  0 60
11 0.15 50 20  0  0 60
11 0.15 100 10 37 80 23
11 0.15 100 15 42 42 18
11 0.15 100 20 36 33 24
11 0.15 200 10  0  0 60
11 0.15 200 15  0  0 60
11 0.15 200 20  0  0 60
11 0.2 50 10  0  0 60
11 0.2 50 15  1  0 59
11 0.2 50 20  0  0 60
11 0.2 100 10 19 21 41
11 0.2 100 15 10 12 50
11 0.2 100 20 14  8 46
11 0.2 200 10  0  0 60
11 0.2 200 15  0  0 60
11 0.2 200 20  0  0 60
11 0.25 50 10  0  0 60
11 0.25 50 15  0  0 60
11 0.25 50 20  0  0 60
11 0.25 100 10  3  5 57
11 0.25 100 15  5  2 55
11 0.25 100 20  4  0 56
11 0.25 200 10  2  3 58
11 0.25 200 15  3  1 57
11 0.25 200 20  0  0 60
11 0.3 50 10  0  0 60
11 0.3 50 15  0  0 60
11 0.3 50 20  0  0 60
11 0.3 100 10  2  2 58
11 0.3 100 15  2  3 58
11 0.3 100 20  5  1 55
11 0.3 200 10  1  0 59
11 0.3 200 15  1  3 59
11 0.3 200 20  0  0 60
11 0.35 50 10  0  0 60
11 0.35 50 15  0  0 60
11 0.35 50 20  0  0 60
11 0.35 100 10  3  2 57
11 0.35 100 15  2  0 58
11 0.35 100 20  1  0 59
11 0.35 200 10  1  1 59
11 0.35 200 15  3  1 57
11 0.35 200 20  1  1 59
11 0.4 50 10  0  0 60
11 0.4 50 15  0  0 60
11 0.4 50 20  0  0 60
11 0.4 100 10  0  0 60
11 0.4 100 15  0  0 60
11 0.4 100 20  0  0 60
11 0.4 200 10  0  0 60
11 0.4 200 15  2  2 58
11 0.4 200 20  2  1 58
11 0.45 50 10  0  0 60
11 0.45 50 15  0  0 60
11 0.45 50 20  1  0 59
11 0.45 100 10  1  0 59
11 0.45 100 15  0  0 60
11 0.45 100 20  0  0 60
11 0.45 200 10  0  2 60
11 0.45 200 15  1  2 59
11 0.45 200 20  2  1 58
11 0.5 50 10  0  0 60
11 0.5 50 15  0  0 60
11 0.5 50 20  0  0 60
11 0.5 100 10  0  0 60
11 0.5 100 15  0  0 60
11 0.5 100 20  0  0 60
11 0.5 200 10  0  1 60
11 0.5 200 15  2  5 58
11 0.5 200 20  1  1 59
11 0.55 50 10  0  0 60
11 0.55 50 15  0  0 60
11 0.55 50 20  0  0 60
11 0.55 100 10  0  0 60
11 0.55 100 15  0  1 60
11 0.55 100 20  1  0 59
11 0.55 200 10  0  0 60
11 0.55 200 15  2  1 58
11 0.55 200 20  1  1 59
11 0.6 50 10  0  0 60
11 0.6 50 15  0  0 60
11 0.6 50 20  0  0 60
11 0.6 100 10  0  0 60
11 0.6 100 15  0  0 60
11 0.6 100 20  0  0 60
11 0.6 200 10  0  2 60
11 0.6 200 15  4  1 56
11 0.6 200 20  2  1 58
15 0.1 50 10  0  0 60
15 0.1 50 15  0  0 60
15 0.1 50 20  0  0 60
15 0.1 100 10 45 74 15
15 0.1 100 15 45 53 15
15 0.1 100 20 44 41 16
15 0.1 200 10  0  0 60
15 0.1 200 15  0  0 60
15 0.1 200 20  0  0 60
15 0.15 50 10  0  0 60
15 0.15 50 15  0  0 60
15 0.15 50 20  0  0 60
15 0.15 100 10  9 12 51
15 0.15 100 15 11  4 49
15 0.15 100 20 10  4 50
15 0.15 200 10  0  0 60
15 0.15 200 15  0  0 60
15 0.15 200 20  0  0 60
15 0.2 50 10  0  0 60
15 0.2 50 15  0  0 60
15 0.2 50 20  0  0 60
15 0.2 100 10  0  3 60
15 0.2 100 15  1  1 59
15 0.2 100 20  1  0 59
15 0.2 200 10  0  0 60
15 0.2 200 15  0  0 60
15 0.2 200 20  0  0 60
15 0.25 50 10  0  0 60
15 0.25 50 15  0  0 60
15 0.25 50 20  0  0 60
15 0.25 100 10  0  1 60
15 0.25 100 15  0  0 60
15 0.25 100 20  0  0 60
15 0.25 200 10  0  0 60
15 0.25 200 15  0  0 60
15 0.25 200 20  0  0 60
15 0.3 50 10  0  0 60
15 0.3 50 15  0  0 60
15 0.3 50 20  0  0 60
15 0.3 100 10  0  0 60
15 0.3 100 15  0  0 60
15 0.3 100 20  0  0 60
15 0.3 200 10  0  0 60
15 0.3 200 15  0  0 60
15 0.3 200 20  0  0 60
15 0.35 50 10  0  0 60
15 0.35 50 15  0  0 60
15 0.35 50 20  0  0 60
15 0.35 100 10  0  0 60
15 0.35 100 15  0  0 60
15 0.35 100 20  0  0 60
15 0.35 200 10  0  0 60
15 0.35 200 15  0  0 60
15 0.35 200 20  0  0 60
15 0.4 50 10  0  0 60
15 0.4 50 15  0  0 60
15 0.4 50 20  0  0 60
15 0.4 100 10  0  0 60
15 0.4 100 15  0  0 60
15 0.4 100 20  0  0 60
15 0.4 200 10  0  0 60
15 0.4 200 15  0  0 60
15 0.4 200 20  0  0 60
15 0.45 50 10  0  0 60
15 0.45 50 15  0  0 60
15 0.45 50 20  0  0 60
15 0.45 100 10  0  0 60
15 0.45 100 15  0  0 60
15 0.45 100 20  0  0 60
15 0.45 200 10  0  0 60
15 0.45 200 15  0  0 60
15 0.45 200 20  0  0 60
15 0.5 50 10  0  0 60
15 0.5 50 15  0  0 60
15 0.5 50 20  0  0 60
15 0.5 100 10  0  0 60
15 0.5 100 15  0  0 60
15 0.5 100 20  0  0 60
15 0.5 200 10  0  0 60
15 0.5 200 15  0  0 60
15 0.5 200 20  0  0 60
15 0.55 50 10  0  0 60
15 0.55 50 15  0  0 60
15 0.55 50 20  0  0 60
15 0.55 100 10  0  0 60
15 0.55 100 15  0  0 60
15 0.55 100 20  0  0 60
15 0.55 200 10  0  0 60
15 0.55 200 15  0  0 60
15 0.55 200 20  0  0 60
15 0.6 50 10  0  0 60
15 0.6 50 15  0  0 60
15 0.6 50 20  0  0 60
15 0.6 100 10  0  0 60
15 0.6 100 15  0  0 60
15 0.6 100 20  0  0 60
15 0.6 200 10  0  0 60
15 0.6 200 15  0  0 60
15 0.6 200 20  0  0 60
20 0.1 50 10  0  0 60
20 0.1 50 15  0  0 60
20 0.1 50 20  0  0 60
20 0.1 100 10 17 13 43
20 0.1 100 15 17 12 43
20 0.1 100 20 16  8 44
20 0.1 200 10  0  0 60
20 0.1 200 15  0  0 60
20 0.1 200 20  0  0 60
20 0.15 50 10  0  0 60
20 0.15 50 15  0  0 60
20 0.15 50 20  0  0 60
20 0.15 100 10  0  0 60
20 0.15 100 15  0  0 60
20 0.15 100 20  0  0 60
20 0.15 200 10  0  0 60
20 0.15 200 15  0  0 60
20 0.15 200 20  0  0 60
20 0.2 50 10  0  0 60
20 0.2 50 15  0  0 60
20 0.2 50 20  0  0 60
20 0.2 100 10  0  0 60
20 0.2 100 15  0  0 60
20 0.2 100 20  0  0 60
20 0.2 200 10  0  0 60
20 0.2 200 15  0  0 60
20 0.2 200 20  0  0 60
20 0.25 50 10  0  0 60
20 0.25 50 15  0  0 60
20 0.25 50 20  0  0 60
20 0.25 100 10  0  0 60
20 0.25 100 15  0  0 60
20 0.25 100 20  0  0 60
20 0.25 200 10  0  0 60
20 0.25 200 15  0  0 60
20 0.25 200 20  0  0 60
20 0.3 50 10  0  0 60
20 0.3 50 15  0  0 60
20 0.3 50 20  0  0 60
20 0.3 100 10  0  0 60
20 0.3 100 15  0  0 60
20 0.3 100 20  0  0 60
20 0.3 200 10  0  0 60
20 0.3 200 15  0  0 60
20 0.3 200 20  0  0 60
20 0.35 50 10  0  0 60
20 0.35 50 15  0  0 60
20 0.35 50 20  0  0 60
20 0.35 100 10  0  0 60
20 0.35 100 15  0  0 60
20 0.35 100 20  0  0 60
20 0.35 200 10  0  0 60
20 0.35 200 15  0  0 60
20 0.35 200 20  0  0 60
20 0.4 50 10  0  0 60
20 0.4 50 15  0  0 60
20 0.4 50 20  0  0 60
20 0.4 100 10  0  0 60
20 0.4 100 15  0  0 60
20 0.4 100 20  0  0 60
20 0.4 200 10  0  0 60
20 0.4 200 15  0  0 60
20 0.4 200 20  0  0 60
20 0.45 50 10  0  0 60
20 0.45 50 15  0  0 60
20 0.45 50 20  0  0 60
20 0.45 100 10  0  0 60
20 0.45 100 15  0  0 60
20 0.45 100 20  0  0 60
20 0.45 200 10  0  0 60
20 0.45 200 15  0  0 60
20 0.45 200 20  0  0 60
20 0.5 50 10  0  0 60
20 0.5 50 15  0  0 60
20 0.5 50 20  0  0 60
20 0.5 100 10  0  0 60
20 0.5 100 15  0  0 60
20 0.5 100 20  0  0 60
20 0.5 200 10  0  0 60
20 0.5 200 15  0  0 60
20 0.5 200 20  0  0 60
20 0.55 50 10  0  0 60
20 0.55 50 15  0  0 60
20 0.55 50 20  0  0 60
20 0.55 100 10  0  0 60
20 0.55 100 15  0  0 60
20 0.55 100 20  0  0 60
20 0.55 200 10  0  0 60
20 0.55 200 15  0  0 60
20 0.55 200 20  0  0 60
20 0.6 50 10  0  0 60
20 0.6 50 15  0  0 60
20 0.6 50 20  0  0 60
20 0.6 100 10  0  0 60
20 0.6 100 15  0  0 60
20 0.6 100 20  0  0 60
20 0.6 200 10  0  0 60
20 0.6 200 15  0  0 60
20 0.6 200 20  0  0 60