200 6394 0
200 5149 0
200 4247 0
200 3780 0
200 3006 0
200 2596 0
200 0 0
200 0 0
200 0 0
200 6445 0
200 5120 0
200 4335 0
200 3777 0
200 3017 0
200 2611 0
200 1 0
200 0 0
200 0 0
200 6378 0
200 5065 0
200 4322 0
200 3743 0
200 3031 0
200 2571 0
200 9 0
200 10 0
200 12 0
200 6441 0
200 5105 0
200 4262 0
200 3771 0
200 2991 0
200 2567 0
200 45 0
200 47 0
200 30 0
200 6394 0
200 5110 0
200 4347 0
200 3770 0
200 2985 0
200 2574 0
200 87 0
200 86 0
200 90 0
199 6443 1
200 5096 0
200 4318 0
199 3834 1
198 2976 2
199 2571 1
199 138 1
200 123 0
197 140 3
198 6476 2
195 5115 5
198 4301 2
198 3860 2
199 3110 1
194 2643 6
196 235 4
195 233 5
192 215 8
195 6459 5
194 5215 6
190 4427 10
186 3929 14
193 3108 7
190 2704 10
191 432 9
187 376 13
188 324 12
189 6485 11
183 5157 17
177 4353 23
189 3969 11
180 3215 20
183 2753 17
192 643 8
185 626 15
183 537 17
175 6584 25
176 5265 24
178 4363 22
179 4147 21
177 3250 23
170 2848 30
188 964 12
177 851 23
175 798 25
174 6676 26
164 5218 36
170 4408 30
166 4350 34
164 3374 36
152 2940 48
174 1319 26
164 1092 36
171 1004 29
200 4213 0
200 3568 0
200 3112 0
200 1686 0
200 1429 0
200 1223 0
200 0 0
200 0 0
200 0 0
200 4314 0
200 3583 0
200 3087 0
200 1709 0
200 1452 0
200 1214 0
200 0 0
200 0 0
200 0 0
200 4298 0
200 3570 0
200 3148 0
200 1642 0
200 1383 0
200 1267 0
200 0 0
200 0 0
200 0 0
200 4263 0
200 3554 0
200 3134 0
200 1664 0
200 1479 0
200 1336 0
200 0 0
200 0 0
200 0 0
200 4293 0
200 3585 0
200 3124 0
200 1701 0
200 1402 0
200 1275 0
200 2 0
200 2 0
200 0 0
200 4301 0
199 3537 1
200 3142 0
200 1761 0
198 1420 2
200 1256 0
197 14 3
200 9 0
199 10 1
198 4285 2
198 3568 2
195 3162 5
200 1766 0
200 1473 0
197 1348 3
199 56 1
195 47 5
195 50 5
198 4277 2
190 3642 10
199 3108 1
194 1910 6
190 1547 10
190 1418 10
197 164 3
191 128 9
187 117 13
185 4407 15
181 3699 19
176 3231 24
181 1993 19
181 1636 19
181 1444 19
187 296 13
181 259 19
174 267 26
171 4423 29
183 3747 17
169 3285 31
177 2134 23
183 1749 17
171 1564 29
181 449 19
179 428 21
170 388 30
167 4606 33
168 3715 32
175 3225 25
172 2265 28
168 1952 32
168 1665 32
167 677 33
161 602 39
170 479 30
200 1423 0
200 1306 0
200 1211 0
200 0 0
200 0 0
200 0 0
200 0 0
200 0 0
200 0 0
200 1482 0
200 1291 0
200 1250 0
200 0 0
200 0 0
200 0 0
200 0 0
200 0 0
200 0 0
200 1459 0
200 1324 0
200 1243 0
200 0 0
200 0 0
200 0 0
200 0 0
200 0 0
200 0 0
200 1494 0
200 1349 0
200 1246 0
200 0 0
200 0 0
200 0 0
200 0 0
200 0 0
200 0 0
200 1471 0
200 1338 0
200 1343 0
200 0 0
200 1 0
200 1 0
200 0 0
200 0 0
200 1 0
199 1507 1
200 1344 0
198 1299 2
200 5 0
199 8 1
198 8 2
200 3 0
200 5 0
200 1 0
198 1532 2
197 1390 3
198 1317 2
198 21 2
195 21 5
196 17 4
197 26 3
198 14 2
200 10 0
197 1546 3
197 1386 3
187 1365 13
194 63 6
189 71 11
186 51 14
194 76 6
188 55 12
191 38 9
190 1644 10
185 1425 15
180 1405 20
186 149 14
178 125 22
181 111 19
187 118 13
191 96 9
189 84 11
180 1769 20
180 1559 20
164 1410 36
180 218 20
166 200 34
167 182 33
176 208 24
174 177 26
166 151 34
179 1764 21
170 1567 30
153 1452 47
175 345 25
161 298 39
170 259 30
181 301 19
172 259 28
165 207 35
