97 30 3
97 3 3
100 37 0
99 1 1
100 193 0
100 9 0
87 94 13
79 31 21
93 87 7
95 6 5
99 239 1
98 8 2
77 196 23
68 50 32
76 156 24
87 17 13
86 363 14
89 24 11
71 177 29
53 25 47
77 261 23
72 36 28
78 546 22
79 46 21
54 163 46
23 12 77
80 269 20
60 42 40
82 621 18
65 63 35
29 75 71
7 2 93
67 246 33
38 32 62
81 667 19
66 70 34
14 26 86
2 0 98
56 209 44
19 17 81
83 878 17
62 68 38
7 15 93
0 1 100
39 216 61
14 16 86
75 935 25
37 70 63
5 11 95
0 0 100
26 146 74
6 7 94
59 838 41
29 64 71
4 16 96
0 0 100
20 147 80
4 5 96
40 846 60
17 68 83
0 9 100
0 0 100
14 143 86
2 6 98
37 820 63
6 55 94
