[370, 377, 382, 386, 422, 426, 434, 437]
[845, 850, 859, 867, 872, 881, 895, 900, 909]
[74, 78, 82, 86, 94, 97, 102, 105, 142, 147, 152, 578, 581, 588, 591, 596]
[311, 320, 343, 847, 860, 870, 873, 876, 879, 894, 897, 909]
[231, 627, 637, 829, 838, 844, 850, 858, 862, 866, 871, 875, 880, 908]
[831, 837, 841, 848, 853, 857, 864, 871, 881, 893, 897, 903]
[773, 844, 859, 876, 879, 894]
[513, 520, 722, 735, 821, 829, 832, 840]
[845, 851, 860, 864, 870, 876, 881, 896, 909]
[295, 301, 306, 829, 858, 862, 865, 869, 875, 879, 908]
[797, 838, 870, 880, 908]
[353, 485, 549, 599, 632, 651, 830, 835, 841, 847, 851, 871, 875, 880]
[237, 244, 247, 252]
[51, 353, 481, 485, 546, 549, 596, 599, 634, 651, 830, 834, 837, 843, 848, 858, 863, 866, 871, 874, 877, 908]
[216, 219, 223, 227, 230, 236, 239, 245, 250, 253, 256, 349, 357]
[778, 869]
[549, 599, 827, 844, 862, 877, 894, 899]
[67, 72, 75, 80, 626, 801, 804, 898, 901, 904, 907]
[548, 599, 826, 829, 844, 847, 851, 858, 862, 870, 878, 881, 894, 898, 901, 908]
[631, 714, 717, 723, 857, 861, 875, 880, 907]
[299, 303, 326, 354, 632, 745, 758, 795, 808]
[746, 750, 753, 759, 796, 804, 807, 812, 846, 860, 864, 870, 874, 877, 881, 895, 899]
[749, 755, 758, 761, 765, 800, 806, 810, 813, 816, 825, 828, 881]
[348, 351, 550, 600, 771, 845, 848, 863, 870, 875, 881, 897, 900]
[457, 462, 467, 476, 481, 485, 503, 506, 512, 532, 554, 769, 777, 780, 784, 789, 792, 819, 855, 859, 864]
[255, 263, 270, 280, 305, 313, 320, 325, 339, 355, 376, 381, 394, 794]
[745, 749, 753, 758, 795, 802, 808, 858, 864, 868, 872, 877, 908]
[596, 602, 607, 737, 774, 778, 787, 798, 801, 804, 811, 815, 818, 881]
[297, 352, 548, 770, 859, 862, 868, 881]
[370, 374, 381, 384, 394, 420, 424, 431, 434, 439, 445, 451, 650, 699, 749, 778, 798, 904, 908]
[649, 700, 869]
[746, 752, 755, 759, 796, 805, 809, 812, 846, 849, 860, 868, 871, 874, 877, 881, 894, 900]
[747, 751, 756, 762, 766, 769, 799, 803, 807, 811, 817, 823, 828, 832]
[297, 550, 600, 770, 831, 845, 851, 858, 870, 874, 881, 897, 900, 908]
[589, 592, 598, 604, 858, 867, 870, 879, 885, 908]
[650, 700, 819, 869]
[744, 750, 758, 795, 800, 805, 858, 863, 866, 869, 872, 877, 908]
[748, 751, 754, 759, 762, 766, 769, 775, 799, 804, 810, 818, 825, 831, 837, 847, 850, 853, 857]
[297, 548, 770, 848, 859, 862, 867, 870, 875, 881]
[73, 80, 97, 100, 104, 109, 859, 862, 870, 873, 881, 908]
[302, 305, 308, 604, 842, 853, 861, 871, 881, 903]
[94, 353, 393, 439, 443, 549, 586, 592, 598, 601, 831, 875, 881, 903]
