[358, 420, 442, 662, 684, 834]
[664, 685, 707, 767, 827]
[56, 81, 102, 147, 169, 675, 711, 767, 828]
[662, 685, 708, 767, 825]
[644, 665, 686, 714, 764, 814, 836]
[154, 827, 848, 874, 897]
[654, 682, 724, 746, 773, 837, 858]
[54, 516, 655, 679, 705, 775, 826]
[71, 658, 682, 840, 862, 909]
[73, 95, 148, 172, 654, 835]
[85, 202, 224, 246, 726, 759, 781]
[215, 236, 765, 786, 830, 858]
[232, 440, 773, 836, 859]
[215, 236, 761, 783, 825, 847, 868]
[216, 239, 769, 791, 812, 833, 855]
[301, 324, 411, 608, 869, 904]
[221, 787, 808, 837, 858, 880, 908]
[58, 789, 810, 831, 852, 874]
[228, 787, 809, 832, 854, 908]
[242, 787, 808, 837, 859]
[217, 653, 703, 741, 790, 860]
[723, 744, 766, 799, 837, 858, 879, 908]
[239, 360, 397, 729, 751, 800]
[456, 608, 648, 699, 832, 855, 878, 908]
[491, 513, 534, 556, 816, 852, 908]
[195, 218, 350, 400, 575, 848, 870]
[295, 744, 791, 836, 857, 879, 908]
[271, 294, 378, 546, 712, 787]
[290, 350, 373, 610, 797, 837, 858, 879, 908]
[452, 652, 677, 745, 780, 825, 907]
[295, 322, 411, 616, 869, 891]
[292, 314, 751, 834, 855, 877, 908]
[315, 737, 764, 797, 818]
[237, 453, 658, 708, 780, 832, 855, 878, 908]
[647, 711, 751, 778, 804, 825, 855, 880, 904]
[296, 319, 342, 411, 461, 617, 869, 891]
[295, 744, 798, 836, 862, 908]
[596, 745, 766, 787, 809, 852]
[295, 351, 373, 503, 698, 798, 837, 859, 908]
[68, 91, 123, 778, 801, 822, 878]
[826, 852, 874, 901]
[80, 152, 173, 655, 825, 848, 869]
